50
3
1 2 3
2 3 5
3 5 6
2 3 4
1 2 3
3
2 3 4
1 2 3
2 3 4
3 4 5
1 2 3
2
2 6
6 8
4 8
3
5 7 8
3 5 7
5 6 8
2 3 5
2 4 5
7
7 14 16 18 21 23 24
4 7 10 12 14 16 18
5 10 11 13 16 19 22
14 17 22 23 24 28 30
4 7 9 11 12 14 17
11 14 19 20 23 26 27
8 16 18 21 22 26 28
3 4 6 7 10 11 14
3 4 5 6 7 8 10
6 9 11 14 16 18 21
10 12 16 19 21 22 26
6 12 14 17 19 20 23
10 18 21 23 26 27 30
4
1 2 3 4
1 5 9 13
9 10 11 12
3 7 11 15
5 6 7 8
4 8 12 16
13 14 15 16
4
2 3 4 6
3 4 6 7
2 3 5 6
5 7 9 10
6 8 10 11
3 4 7 8
6 7 10 11
3
2 4 6
2 6 8
6 8 15
8 12 15
4 7 12
10
7 9 11 14 17 18 21 23 24 26
4 6 8 11 14 16 18 19 21 22
13 17 20 22 24 26 27 29 31 33
1 2 3 4 5 7 9 11 13 14
5 10 12 14 16 17 19 20 21 23
5 7 10 12 16 17 20 21 23 24
13 14 17 19 21 24 27 28 29 31
3 6 7 8 10 11 13 15 17 18
4 8 10 11 12 14 16 17 19 20
8 13 14 18 20 21 22 25 27 29
11 13 15 17 20 23 25 27 28 29
2 4 5 6 7 9 10 13 14 15
1 2 3 4 5 6 8 9 11 13
6 11 13 16 17 18 21 23 24 25
14 15 18 20 23 25 29 30 32 33
9 14 16 19 21 23 25 27 28 30
9 10 13 16 19 21 22 25 26 27
2 4 6 8 10 11 13 14 16 17
11 16 18 21 23 24 26 28 29 32
7
1 2 3 4 5 6 23
23 25 26 28 30 32 34
4 9 13 16 17 18 28
4 9 13 16 17 18 29
6 11 15 18 20 21 33
3 8 12 13 14 15 26
2 7 8 9 10 11 25
5 10 14 17 19 20 31
3 8 12 13 14 15 27
22 24 27 29 31 33 34
6 11 15 18 20 21 32
1 2 3 4 5 6 22
5 10 14 17 19 20 30
2
2 4
4 8
2 6
2
1 2
2 6
1 3
10
10 11 12 13 14 15 16 17 18 19
8 9 10 11 12 13 14 15 16 17
4 5 6 7 8 9 10 11 12 13
5 6 7 8 9 10 11 12 13 14
7 8 9 10 11 12 13 14 15 16
3 4 5 6 7 8 9 10 11 12
3 4 5 6 7 8 9 10 11 12
9 10 11 12 13 14 15 16 17 18
2 3 4 5 6 7 8 9 10 11
4 5 6 7 8 9 10 11 12 13
5 6 7 8 9 10 11 12 13 14
6 7 8 9 10 11 12 13 14 15
10 11 12 13 14 15 16 17 18 19
7 8 9 10 11 12 13 14 15 16
9 10 11 12 13 14 15 16 17 18
1 2 3 4 5 6 7 8 9 10
1 2 3 4 5 6 7 8 9 10
8 9 10 11 12 13 14 15 16 17
6 7 8 9 10 11 12 13 14 15
6
5 7 9 10 12 13
5 8 10 11 12 15
8 10 11 12 15 17
1 3 4 5 7 8
3 5 7 9 10 12
7 10 12 14 15 16
8 11 13 15 17 19
1 3 5 7 8 9
9 12 14 15 16 19
7 9 10 11 14 15
4 7 9 10 11 14
9
4 6 7 10 12 13 15 16 19
9 10 12 14 15 17 18 19 21
14 16 17 18 19 21 23 25 27
1 3 4 6 8 10 12 14 15
14 17 19 20 23 24 25 27 29
12 14 15 17 18 20 21 24 25
10 11 13 16 17 18 20 21 23
6 7 9 12 14 16 17 19 20
11 13 15 17 19 20 21 23 24
10 11 13 15 17 18 20 23 24
8 10 11 13 15 17 19 21 23
7 8 10 12 13 15 17 18 19
5 6 7 9 11 13 15 17 18
15 17 18 19 21 23 24 26 29
13 15 16 19 21 23 24 25 26
3 5 6 7 10 11 14 16 17
3 5 6 8 10 11 13 15 17
10
16 17 31 41 60 61 64 88 113 128
61 112 136 149 161 177 206 226 241 245
128 164 188 208 233 257 306 312 342 346
113 139 183 194 208 221 281 302 323 334
60 91 123 140 151 173 186 220 232 235
64 91 134 156 173 177 206 210 221 257
31 60 79 103 114 134 146 164 189 204
59 83 114 118 151 161 182 193 208 233
41 74 104 111 118 156 181 199 202 210
16 30 35 56 59 64 75 90 96 115
64 115 159 162 182 206 231 241 246 257
17 47 61 72 83 91 103 128 153 170
75 103 146 181 186 206 231 256 281 306
96 153 189 202 232 241 246 295 323 342
35 61 79 104 123 136 159 165 183 188
88 126 165 189 193 210 256 274 295 313
90 128 164 199 220 226 241 274 302 312
56 72 103 111 140 149 162 189 194 208
30 47 60 74 91 112 115 126 139 164
7
3 4 5 6 7 8 9
1 2 3 4 5 6 7
4 5 6 7 8 9 10
2 3 4 5 6 7 8
7 8 9 10 11 12 13
3 4 5 6 7 8 9
2 3 4 5 6 7 8
5 6 7 8 9 10 11
7 8 9 10 11 12 13
4 5 6 7 8 9 10
1 2 3 4 5 6 7
5 6 7 8 9 10 11
6 7 8 9 10 11 12
10
5 9 12 15 17 20 21 24 25 28
22 28 31 34 36 40 43 45 47 50
20 27 31 34 36 37 39 42 45 47
13 17 18 21 26 27 29 33 36 38
12 17 20 23 26 29 31 32 34 36
9 15 16 19 21 26 27 28 32 34
3 6 7 10 13 16 17 19 21 22
10 15 17 19 23 26 28 30 34 36
16 20 23 26 29 30 31 36 37 39
3 5 6 9 12 13 16 18 20 23
19 24 27 28 32 35 38 41 42 44
16 21 26 28 29 31 36 38 39 43
23 30 33 36 38 39 41 44 46 50
13 19 23 26 27 30 33 35 38 40
21 25 29 32 34 38 39 43 45 46
17 21 25 27 31 33 36 38 39 41
6 12 14 17 18 23 25 27 29 31
7 12 14 16 20 23 26 28 31 33
18 24 28 30 33 36 38 41 43 45
2
2 22
22 222
2 22
10
8 11 13 14 15 16 17 20 22 23
7 9 10 12 13 15 16 18 19 22
12 14 16 17 19 20 22 23 26 28
4 5 6 9 11 13 14 16 18 20
12 14 16 18 20 21 23 25 27 32
6 8 9 12 14 15 17 19 21 24
2 4 5 6 7 9 11 12 14 16
13 16 18 19 20 22 23 25 27 30
2 4 5 7 8 10 12 13 15 17
9 11 13 15 16 17 20 22 24 28
7 9 10 13 15 16 19 20 22 26
15 18 20 21 22 24 26 27 28 31
5 7 8 10 13 14 16 18 20 22
5 6 8 9 10 13 14 16 17 20
11 12 14 16 17 18 22 23 26 30
4 5 7 8 9 11 12 14 16 18
14 16 17 19 22 24 26 27 28 33
16 18 20 22 23 25 28 30 31 35
10 13 14 15 16 17 18 21 24 25
10
4 6 8 10 11 13 14 15 17 19
7 10 12 13 15 17 18 19 21 23
1 2 3 4 6 7 9 10 12 13
12 15 17 18 21 23 25 27 28 30
8 11 14 15 17 19 21 22 23 24
9 13 14 15 18 21 22 24 25 27
6 10 11 12 15 17 18 20 22 23
7 11 13 14 17 19 20 22 23 24
10 12 15 17 18 20 22 24 25 26
3 5 6 8 10 11 13 14 15 16
10 14 15 16 19 22 24 25 26 29
3 6 8 10 12 14 15 17 19 21
1 3 4 6 7 8 10 12 13 14
4 8 10 11 13 15 17 18 20 22
12 13 17 18 20 22 24 25 27 28
14 15 21 22 23 24 27 29 30 31
2 5 6 8 10 11 12 13 14 15
13 14 19 20 22 23 25 26 28 30
6 8 10 11 12 14 15 16 18 20
10
9 17 24 30 35 39 42 44 45 63
6 14 21 27 32 36 37 38 39 57
8 16 23 29 34 38 41 43 44 60
5 13 20 26 31 32 33 34 35 55
7 15 22 28 33 37 40 41 42 58
4 12 19 25 26 27 28 29 30 52
6 14 21 27 32 36 37 38 39 56
3 11 18 19 20 21 22 23 24 50
2 10 11 12 13 14 15 16 17 48
5 13 20 26 31 32 33 34 35 54
8 16 23 29 34 38 41 43 44 61
1 2 3 4 5 6 7 8 9 46
2 10 11 12 13 14 15 16 17 49
7 15 22 28 33 37 40 41 42 59
9 17 24 30 35 39 42 44 45 62
47 49 51 52 54 57 59 60 62 64
1 2 3 4 5 6 7 8 9 47
3 11 18 19 20 21 22 23 24 51
46 48 50 53 55 56 58 61 63 64
2
6 8
2 4
2 6
7
14 36 54 76 91 109 120
8 21 28 50 52 57 61
28 54 59 73 99 118 127
83 103 118 134 173 185 200
52 91 106 124 148 173 192
21 36 43 68 85 103 112
8 14 33 47 72 83 88
33 43 59 95 106 114 139
72 85 99 107 148 149 168
57 109 114 133 149 185 205
47 68 73 98 124 133 145
88 112 127 141 192 205 220
50 76 95 98 107 134 141
7
8 9 10 11 12 13 14
1 2 3 4 5 6 7
6 13 20 27 34 41 48
36 37 38 39 40 41 42
2 9 16 23 30 37 44
5 12 19 26 33 40 47
22 23 24 25 26 27 28
3 10 17 24 31 38 45
1 8 15 22 29 36 43
29 30 31 32 33 34 35
15 16 17 18 19 20 21
7 14 21 28 35 42 49
43 44 45 46 47 48 49
3
3 4 5
2 3 4
3 4 5
1 2 3
1 2 3
2
2 22
22 222
22 222
6
5 7 10 15 19 22
7 10 14 18 21 24
15 22 23 28 32 33
5 7 13 14 17 21
11 15 19 21 24 25
14 19 21 25 26 27
3 5 9 11 15 18
18 21 24 25 27 33
9 13 14 19 21 23
11 14 18 21 25 28
15 17 21 24 26 32
5
4 8 12 16 20
8 11 17 22 23
2 4 5 8 10
14 20 22 23 28
9 12 15 17 21
2 5 9 12 14
12 16 18 22 26
5 9 15 18 22
5 8 9 11 15
4
2 4 5 9
1 2 3 8
1 2 3 7
7 10 12 13
8 9 11 13
2 4 5 10
3 5 6 12
8
16 20 21 25 29 32 36 40
3 6 10 12 16 17 18 22
22 23 26 30 40 42 47 48
12 15 18 19 21 23 24 30
3 7 8 11 13 14 18 22
17 24 27 28 33 37 39 42
6 10 13 14 16 18 19 23
7 10 11 15 20 24 28 29
18 19 20 24 36 39 43 45
11 14 17 19 25 28 32 35
10 11 14 17 18 19 20 26
14 18 19 23 32 37 41 43
18 28 31 32 37 41 43 47
22 29 34 35 40 43 45 48
13 16 18 21 29 33 37 40
6
6 7 8 11 14 16
2 4 6 8 10 11
8 10 12 13 15 18
8 10 11 13 14 16
11 13 15 16 19 21
4 5 7 10 12 13
11 13 16 18 19 21
6 7 8 12 13 15
10 12 14 15 17 19
2 4 6 8 9 11
4 5 7 10 12 13
5
6 8 11 13 15
8 9 12 13 15
6 8 10 12 13
3 5 7 10 12
1 2 4 6 8
2 3 5 6 8
5 6 9 12 13
1 2 3 5 6
4 6 7 9 11
4
4 8 9 14
3 4 6 7
7 11 13 18
6 9 11 16
8 9 11 13
3 6 8 11
11 14 16 18
10
8 11 14 17 18 21 22 23 25 28
15 17 20 22 27 29 31 32 33 37
9 12 15 20 23 25 27 29 30 32
1 3 6 7 9 12 15 17 20 21
1 2 5 8 9 12 13 16 18 19
5 7 8 11 14 16 20 22 24 26
3 5 7 11 12 14 15 18 19 21
2 5 7 10 11 15 17 20 23 24
20 23 24 25 30 33 36 37 38 40
17 20 22 23 29 30 32 33 35 39
13 15 19 22 27 29 31 32 36 38
7 10 11 17 20 21 22 25 28 30
9 11 14 18 23 26 27 29 31 32
12 15 16 21 25 27 29 31 32 34
18 19 22 28 31 32 33 35 38 41
21 24 26 28 32 36 38 39 41 43
6 7 8 14 15 18 19 20 22 24
19 21 24 30 32 34 37 39 40 43
16 18 20 25 29 31 32 33 37 39
7
7 9 11 12 15 17 18
3 5 7 8 9 10 12
8 10 13 14 16 19 20
12 14 17 19 21 23 25
1 3 5 7 8 10 12
11 12 15 18 20 22 25
1 2 4 5 7 9 11
2 5 6 9 10 12 14
5 6 9 11 13 14 15
7 9 13 15 16 19 21
9 10 14 17 19 21 23
10 12 15 17 19 21 22
4 7 9 11 13 15 17
2
6 8
4 8
2 4
4
6 9 10 12
5 8 11 12
2 4 5 6
2 3 4 5
5 7 9 11
3 5 7 9
4 6 9 10
10
10 20 30 40 50 60 70 80 90 100
4 14 24 34 44 54 64 74 84 94
71 72 73 74 75 76 77 78 79 80
9 19 29 39 49 59 69 79 89 99
1 2 3 4 5 6 7 8 9 10
41 42 43 44 45 46 47 48 49 50
21 22 23 24 25 26 27 28 29 30
31 32 33 34 35 36 37 38 39 40
5 15 25 35 45 55 65 75 85 95
3 13 23 33 43 53 63 73 83 93
6 16 26 36 46 56 66 76 86 96
91 92 93 94 95 96 97 98 99 100
51 52 53 54 55 56 57 58 59 60
7 17 27 37 47 57 67 77 87 97
61 62 63 64 65 66 67 68 69 70
8 18 28 38 48 58 68 78 88 98
1 11 21 31 41 51 61 71 81 91
2 12 22 32 42 52 62 72 82 92
81 82 83 84 85 86 87 88 89 90
4
6 8 11 13
6 8 11 13
5 6 9 11
5 7 9 11
3 5 6 8
1 3 5 6
3 5 7 8
10
9 12 13 15 16 19 21 23 24 26
10 14 16 18 19 20 23 24 25 28
11 15 16 18 21 23 25 27 28 31
13 16 19 22 24 26 27 28 31 32
16 19 21 23 26 28 31 32 34 35
10 13 15 17 19 20 24 26 27 30
17 19 22 26 28 30 31 32 34 35
8 10 12 13 14 17 18 20 21 23
5 6 8 12 13 16 17 19 20 22
14 18 19 21 24 25 29 31 32 34
4 5 6 8 11 13 15 17 18 19
2 4 5 7 9 10 11 12 14 16
4 5 7 10 12 14 15 16 17 19
12 17 18 20 23 24 27 28 29 32
15 17 20 24 26 27 28 29 32 34
7 8 10 13 15 18 20 22 24 26
6 7 8 10 13 15 16 18 19 21
11 15 17 20 22 24 25 27 29 31
2 4 6 8 9 10 11 13 15 17
9
3 5 6 9 10 11 13 14 16
12 13 16 17 19 22 24 25 26
15 16 19 22 23 26 27 30 32
7 9 10 14 16 18 19 22 23
5 6 8 9 10 12 13 16 17
9 11 12 16 17 20 22 24 26
8 10 12 13 16 17 18 19 22
10 11 14 15 18 20 21 22 24
1 3 5 7 8 10 12 13 15
14 15 17 20 22 24 26 29 32
3 5 6 7 9 11 12 14 15
1 3 4 6 7 9 11 13 14
7 9 11 12 14 16 17 18 20
6 7 9 12 13 15 17 20 22
13 14 16 18 19 22 25 28 30
13 14 18 20 22 24 26 28 29
4 6 8 11 12 14 16 18 19
8
8 10 11 14 18 20 21 24
2 5 7 10 11 12 13 16
18 21 23 24 28 29 31 34
2 5 8 10 12 15 18 21
7 10 11 14 16 19 23 25
21 24 25 26 29 31 34 37
5 7 10 13 15 17 20 23
11 15 18 21 22 25 28 29
5 7 10 11 15 17 21 24
12 17 20 22 25 27 29 31
10 11 14 15 21 22 24 25
15 17 19 22 25 27 29 32
13 20 21 24 27 29 31 34
16 23 24 25 29 32 34 37
10 13 14 15 19 22 24 26
4
24 35 56 65
30 42 60 86
24 30 46 63
35 42 52 71
63 71 91 99
46 52 77 90
65 86 90 99
3
2 3 4
1 2 3
2 3 4
3 4 5
3 4 5
9
9 11 15 19 26 31 32 34 37
21 24 29 32 34 38 41 45 48
24 30 34 37 40 41 46 49 53
8 9 14 15 23 27 29 30 34
7 11 14 15 19 22 23 25 32
7 8 11 12 19 23 24 26 30
18 22 23 27 34 38 41 43 46
3 7 8 9 11 15 18 20 23
4 8 9 11 13 17 22 24 28
15 17 22 24 31 34 38 40 41
18 23 27 31 32 34 38 40 44
11 12 15 19 22 24 27 28 36
15 19 23 26 29 31 34 36 39
23 26 30 34 37 40 43 47 52
20 24 25 28 36 40 45 47 49
11 13 19 22 29 32 34 37 40
3 4 7 11 15 18 21 23 24
8
7 11 12 16 17 19 20 22
6 9 11 14 15 17 19 20
10 13 15 19 21 22 23 24
2 4 5 7 8 9 11 12
9 12 13 17 19 20 21 23
8 11 12 13 15 17 19 21
7 9 10 12 14 16 17 19
4 6 8 10 12 13 15 16
5 7 10 12 13 14 16 17
12 15 16 17 20 22 23 24
11 13 15 16 19 20 21 23
3 5 7 9 11 12 13 15
4 5 6 7 9 11 12 13
9 12 13 14 17 19 20 22
2 3 4 5 6 7 9 10
4
1 2 3 4
3 4 5 6
4 5 6 7
4 5 6 7
1 2 3 4
3 4 5 6
2 3 4 5
3
1 3 4
3 5 6
3 5 6
4 6 7
1 3 4
10
9 14 17 19 22 27 28 30 32 33
12 13 18 19 22 25 26 28 29 32
18 22 26 28 32 34 35 39 40 42
5 8 10 11 14 15 16 17 21 22
9 11 16 17 19 22 24 25 28 29
4 10 13 16 18 21 23 24 26 29
16 17 22 25 28 33 35 38 39 41
12 15 18 22 25 29 30 31 34 36
14 18 23 25 28 30 32 35 36 39
3 8 10 11 13 16 18 21 22 23
13 16 21 24 27 29 31 33 35 36
8 10 13 16 17 18 20 22 23 25
2 3 4 7 9 12 13 16 19 21
19 21 23 28 29 35 36 39 40 43
13 16 20 24 26 31 32 34 35 39
21 22 25 29 32 36 39 41 42 44
2 5 8 9 12 13 14 16 18 21
16 21 24 26 30 31 34 38 39 41
7 11 16 17 19 24 25 26 28 32
