50
1000 1 19 15 17 14 8 20
1000 8 19 14 16 1 4 20
1000 10 12 9 15 14 1 20
1000 0 999995001 1 0 10000 10000 1000000000
4 332806271 756545003 0 0 967575283 554382436 893942389
3 598484255 942186837 0 0 906328071 456063415 936510635
3 22589695 765529675 0 0 643807270 618229408 948286885
3 142478172 365252925 0 0 107743703 286661609 921408685
1 356452449 396430188 0 0 356124459 961311241 952815914
1000 498462044 922501914 0 0 246345131 758552148 971791320
1000 125634731 387993171 0 0 974349939 411761255 997193243
1000 448298636 519822461 0 0 59446747 89257255 950761478
1000 163367604 240420782 0 0 771351102 981988650 959155236
1000 498335934 934502268 0 0 873411705 944953239 958397864
1000 624152660 762951488 11584133 624515740 0 0 915486624
1000 869653420 900532534 94085243 389931212 0 0 999227882
1000 44368831 645589112 793916267 1773369 0 0 941239407
1000 403253727 897886434 756431195 500532312 0 0 980791372
1000 604410338 927365352 916578504 708553046 0 0 983670763
1000 1296743 727722928 559822010 616989004 535380860 37630361 966444005
1000 42947983 525764062 29373805 682601698 103091659 109233557 920140251
1000 221386068 937228571 589889106 785325004 22420860 474030016 974320532
1000 688392908 708032072 58793319 794819206 304777924 965202598 945892606
1000 159355297 171878609 835324684 957792868 356887232 541799945 866806750
1000 60320368 829699725 555020789 30365675 361871508 174143178 999373961
1000 191628907 478781852 582346270 984860595 268955821 272101022 986148627
1000 442029228 560359978 542747545 866799073 225078537 357193216 980750966
1000 644513995 913849016 159694672 168979278 396067426 360130735 995810277
1000 79467814 364637617 6034826 415314446 597288203 160001733 964845721
1000 357898199 543974144 54730766 113308043 82045646 924733229 965444641
1000 470202461 495515846 629403481 636640668 346836792 951690065 968528190
1000 51036124 415684074 879111469 21640806 126414987 941235365 872080668
1000 60786261 71486067 882559455 256091128 902510087 594085947 954691239
1000 619953950 939495541 594557079 111248886 255158175 982571316 951666749
1000 45441428 600112667 987680153 843643348 810707568 138055623 997108177
1000 4733540 346397626 979912174 997600445 556301647 242999646 996642478
1000 749984680 874137631 927728574 496978248 466296821 279379177 965443014
1000 508723843 985556734 604926563 591106214 610381057 691371789 954032887
1000 481440876 944861429 13312111 141197706 263796995 3666067 990670667
1000 9792911 367312946 197947689 410720307 105449933 121055539 829054128
1000 19733300 821172935 534567337 5407777 902505725 341649559 952202160
1000 596957998 847609956 928924234 61782111 266702543 819280153 887985566
986 496255830 772344261 72846180 381971189 524460739 683243915 964883552
994 355025278 368067312 91050180 946240955 506426150 429303072 996435258
983 419544651 571482550 287965701 95824247 68933325 442185520 996793690
980 175513309 718097171 983968955 999347108 216866981 412012291 963984346
1000 305588080 924700878 783288508 769773676 835607292 866421914 941721037
1000 622296520 697407412 587790035 247557517 460120352 574372423 954064547
1000 521103640 827194993 950297378 527082599 514393588 835066509 991084251
1000 335659171 370683202 919156121 31748150 590089437 79139959 986286445
