100
2
200 100 100
2
1000000000 1000000000 1000000000
2
1000000000 100 1
2
250000001 0 1000000000
3
10000 3000 4000 5000
5
3000 100 100 100 100 100
100
1000000000 1000000000 1000000000 1000000000 1000000000 1000000000 1000000000 1000000000 1000000000 1000000000 1000000000 1000000000 1000000000 1000000000 1000000000 1000000000 1000000000 1000000000 1000000000 1000000000 1000000000 1000000000 1000000000 1000000000 1000000000 1000000000 1000000000 1000000000 1000000000 1000000000 1000000000 1000000000 1000000000 1000000000 1000000000 1000000000 1000000000 1000000000 1000000000 1000000000 1000000000 1000000000 1000000000 1000000000 1000000000 1000000000 1000000000 1000000000 1000000000 1000000000 1000000000 1000000000 1000000000 1000000000 1000000000 1000000000 1000000000 1000000000 1000000000 1000000000 1000000000 1000000000 1000000000 1000000000 1000000000 1000000000 1000000000 1000000000 1000000000 1000000000 1000000000 1000000000 1000000000 1000000000 1000000000 1000000000 1000000000 1000000000 1000000000 1000000000 1000000000 1000000000 1000000000 1000000000 1000000000 1000000000 1000000000 1000000000 1000000000 1000000000 1000000000 1000000000 1000000000 1000000000 1000000000 1000000000 1000000000 1000000000 1000000000 1000000000 1000000000
20
101219546 1454081 618609 102896 71082 42091 16853 21099 14424 4344 3122 1406 577 34 96 11 27 12 2 2 0
20
124437847 5643915 6924661 2127384 3399994 1823367 3979065 3731780 2287645 2510758 3808284 2909454 1506380 767853 1779134 1272995 1781780 1198933 1551699 1089706 1484655
20
114821771 4028918 1768601 1417226 2234682 1428057 975623 846677 198571 448328 226757 111273 78292 119153 68421 47974 50761 13629 17929 5010 13996
20
64372303 2141214 174333 100044 4942 7859 458 496 122 15 3 1 0 0 0 0 0 0 0 0 0
70
18525439 9442234 7921604 8002924 8201515 1428021 8020114 9536403 3323385 1302899 4805435 7698325 3090711 8771959 3957649 3199773 7952541 9299844 9745828 4253773 6702118 8610070 7909422 8994416 5982699 9826566 6746021 7508714 2965387 9135998 3028529 3858464 2594687 2804430 6648211 2960761 4033394 8057201 4404178 4100161 9462601 9493048 6138276 2979841 4467423 5885771 1678880 8575577 6121179 1799745 6023628 7491546 6268616 7044984 2666817 6745343 6571853 4950440 1140848 3098548 5566098 5506928 3551089 9841205 2815310 2524588 5197964 1857282 3494802 9722876 1674380
20
96480319 4885490 4228493 2759707 1227028 5731558 5139748 7262637 2954692 1476469 1638699 5034446 2139387 3798402 3186584 3039525 3392269 1299693 4655162 1391277 1209497
78
28103255 5752635 3957264 7294802 5961143 5766660 4759754 3138367 1101633 4678909 1080222 7380065 4128671 1430465 1270188 3059022 9698434 3711657 4799192 4210464 8427166 4854358 1259399 7882521 7633644 8769483 4273126 7081014 7835380 9642574 3586306 2623473 5751329 8469607 8094009 7948958 6283373 9671847 4502696 4536703 8343382 4596164 8609096 2147681 6714944 1240990 6225529 6190018 4090389 6010902 6962758 2883232 6966966 9386406 7145875 8321686 4959623 7380015 1223112 9810353 1852014 2125826 7688705 8695402 7401863 9386964 1480782 2398469 5961311 8254600 8622358 2275519 8358984 5715467 1239242 4934780 2835992 8961811 7833256
20
100702684 5725665 5767133 966915 1634523 2387935 625277 472815 1148439 641359 1217993 445210 834099 740801 541219 529977 80444 332768 85287 30524 25363
74
38888266 5377562 3097946 8713012 5488132 9535550 8157913 9501470 8153080 2583335 5199848 7894657 5932014 3047488 8473551 9135434 7859014 8147472 6153581 8872991 9472043 7441113 1323272 2952690 7246110 6659279 5304140 6689280 2547304 8714891 6633946 2060087 2995305 2742850 7834823 8859404 8734366 9415239 8367355 2598182 1998093 9912259 8015070 3947906 7307771 5695533 7376968 9548710 1732656 6542492 4353194 4751252 2380355 1603877 8560178 2254343 3979412 3907391 9816952 2948444 5180620 7144464 5997023 7252605 2431514 1417345 6427846 1762625 9645497 8673181 9326715 6664464 4583577 6308546 8815506
51
54180363 5138354 4667622 8801010 2236658 8323300 4411951 5093266 4894946 1357231 9169756 2676078 3160251 4551634 8568029 7707984 7764002 4638926 6290531 1095021 5057376 5134952 8419520 8345910 4750349 1676423 6228033 8173836 7087580 5064411 1614817 3276714 6681993 7896320 9222864 3877447 3857557 9526043 6711550 9204069 5000418 6628772 9486510 1873604 8994490 8467416 3791982 1657039 9988823 6787177 7417161 3406911
75
164829569 7880947 7020074 7972163 2151465 5214248 2200529 2745151 5616131 9226988 2960877 5633486 5848253 7935138 3567418 4149221 6821515 9916237 1610406 1525593 2750751 5601130 5671008 2415180 5010537 8226516 6138529 6925409 3908402 5752478 8313701 2248142 2797413 5321580 7677351 6215632 4779163 1484905 3725673 9658186 8375752 8091491 5134503 4031830 5749307 2588492 6920630 1417075 1276058 5930182 4695516 7942771 8879732 1807776 7459775 9526703 2940227 2105606 3920981 4869935 7165163 5374494 8887764 7917066 3552419 5251285 7050431 3435715 4159673 4244097 3247911 6940790 5171394 8350670 8805769 4686593
20
118845899 6351033 6449849 4600320 4145873 3258004 1586196 1832929 2895281 907428 1536490 2707599 2371410 1617378 1555960 1642997 1325648 1580275 167003 151146 1243688
20
67294394 1693259 113930 124309 21610 9717 6306 1450 261 135 40 2 1 1 0 0 0 0 0 0 0
71
18541104 6142512 3011850 3383653 2232717 9932278 1957430 3973643 7619428 2461136 8177460 7116984 5081931 2649513 6526209 8600275 9807758 5465100 1587319 5339840 1423958 7732340 6013939 5096524 4217702 3686478 9959769 3461160 8431693 8675882 6595042 1728551 6372553 3928893 2516316 2358424 9821645 6292468 2707713 3161623 5278179 3174745 5354090 3812601 8341942 9577605 8981726 2518394 9670422 8683259 9910796 3073370 2215918 9431418 6936872 8794647 9761596 4029117 7091067 5539360 5894740 3709036 8245685 9152967 7320146 8564452 8615482 6081983 2133007 4474301 9939677 6285466
77
40604302 1820970 5878190 8166451 1474236 9265968 9962162 8464841 7056394 6054374 9660353 6269888 1957707 7587395 9803709 1670470 8115775 9175627 3244005 5902962 7489235 8206566 1274329 7031880 5175061 1247738 9512922 5004165 7366662 9022898 3948472 2734595 5090489 5181826 3937374 4620975 8938292 2712626 4482163 6409517 6361063 9430152 1796307 9616390 2791297 2062743 2069023 2155550 1160655 3779073 3611204 6400189 9016377 7012672 7699913 3808672 6887216 7645870 5380849 7196778 1205178 9595020 8641864 5934900 1340974 4452452 7939582 1432432 7386372 6809718 1285796 8490966 3308678 5170608 2960228 6578239 8439779 6400315
62
109952293 2049765 7369987 4072117 5157681 2701962 8508240 9555394 9942095 8726843 2711347 6995001 2048284 3800169 3103188 8856784 4456665 3307393 2924412 1425866 7167740 6341993 9109688 5405233 8239385 7731905 3053576 8770871 3380848 3135641 5505236 8017360 9861233 4821597 2418703 1381962 5775115 9893968 5696695 3913048 9904302 3629776 1397082 1247556 2498743 9444399 6579693 2870266 1262260 1998241 2705169 6989529 6113669 1885564 1396340 9486962 4716986 3070313 8217300 1536722 2750770 5607789 6130347
95
8590975 3211893 8583526 6547690 8212555 6709579 7589049 6321470 1835496 6755312 7724116 5420646 3760172 6553189 5660503 5805635 2967195 7307842 2200962 5213379 4595160 5452048 5306365 9737817 1521926 7783868 7537376 4403392 6223431 7741405 2015859 5191567 6804444 4010190 9825622 5676885 6310440 7763806 9246260 1474250 1213221 2121540 5224979 2050725 1626980 6835323 9504747 2554371 4252828 6490806 7985252 5496174 6919954 9502602 6456881 6266928 3437757 9461048 8947540 4202594 4395499 6628644 5780389 2047864 2412176 8356680 4443543 8149861 9503730 9350517 2833891 9624944 3615565 3061649 1823232 5066313 6537116 1832108 9474472 8157540 4963611 7968890 1043954 7686518 8804083 7184006 9995108 6863358 2275720 6252545 1911659 1178512 4581569 6526460 1567508 2311004
70
121176555 5716045 7315822 1471330 8247800 3900452 2436363 9981287 4541852 6267730 5187875 4181872 5660468 7407438 1797627 2018585 3838522 8842308 2717434 5327554 6304847 7377145 4420056 5212464 5705335 6599627 2048935 2377019 7069738 2264542 6042136 1011017 1518100 4874841 3653644 8688500 7818729 8811542 4456884 9528699 3773940 9325839 6152711 3233236 9681699 5720254 7135464 5795491 7415713 4076627 2793006 4171984 1276366 8029461 2508646 1603632 5508018 8496881 2927398 7380820 5561877 1588339 5110011 3014706 1334764 3116406 5593035 5497363 4920976 9826211 3216436
20
109598847 2808003 6669638 1234357 4119922 1721183 2569809 3172929 944872 2185386 441222 962484 449293 1199707 654841 577427 675991 834956 634082 408361 638099
100
14048995 9743223 8941799 6634940 9850637 4382262 2642635 2282073 6294186 5837429 3826821 2577777 8057347 7756267 3368061 4247004 4697876 8479839 7051996 6480453 4929302 2637107 5873055 1931185 9942401 4354663 9352142 4053537 3165372 8680777 6439727 9991481 3255902 8775605 4704971 7500546 4989014 2310122 6413533 8600124 6157675 5986768 4571741 5265043 4227716 8607983 2004594 6876955 2672453 6706382 4347792 5035333 3304408 4641775 6956731 7879209 6108290 6796417 9452122 7014292 4990663 1427346 8708767 4363411 3298192 1558768 4085785 3996506 8004595 4993262 2031770 8841708 4965129 8197616 6934977 3745684 5043880 5899972 7942873 4765850 3469836 1292569 9724342 7632606 5493631 5794716 8576702 8599837 1488968 8279507 4282964 6797924 4498654 2545464 8458835 7974861 8592943 1407393 8328815 8039568 8335197
93
12990999 8746941 7117854 4560608 6486987 2726416 7738713 1458630 8466558 4225627 9805108 4224355 2608267 8569957 1312108 9865923 7754320 2800828 1956020 2905348 7113497 6976388 9046593 8401761 5694758 3759243 4358046 3602925 1455552 2259339 4266222 9631739 7987040 8780595 1511663 5300062 1881121 5450424 7707105 8450268 6560851 8956686 6310906 4896257 4355722 8201137 8139558 4100485 9690542 5995465 2075558 9698773 7361726 7467537 4389989 8901586 7977969 2980150 2704325 8484409 1074332 7521711 8696367 1592858 4488237 9270680 1067939 3847092 1121879 8341137 4640535 1705002 7360315 7668447 9184564 7877484 9860010 3544438 5730600 9757340 4405935 4625563 6068063 1559789 3240236 2464069 7118679 3648299 7470319 4332723 3217508 9239328 1343430 7430956
20
49540757 1329946 380069 58069 8336 703 596 136 2 0 0 0 0 0 0 0 0 0 0 0 0
20
115657510 5493502 900888 1662299 1746450 890543 174628 791073 516950 191138 228934 198316 68907 83874 37739 8976 30387 5179 7729 6282 4106
20
108124321 8558914 2393337 3343268 1925501 1279176 2282383 1153731 1550348 3171805 2862909 1999829 2921012 3517766 1847536 2914364 472392 2058330 1763838 1729417 2259455
100
15536449 7999133 8567560 4434164 5410226 8446605 3788760 8696993 5875288 1656323 8096277 6277638 2336909 3846279 2528340 4295234 1396022 6234587 2959310 6535980 1987628 7034640 8277752 8333458 4416607 8417274 9663889 3761664 7540913 7423008 6683361 3418614 3941503 8931803 6805091 9637781 8278395 3594983 5106651 4209397 3350507 3931148 4430221 9041772 8540810 6638806 7726881 8904058 5058228 9131687 9550093 5923348 8289176 9876555 4800363 8839963 8763628 2198648 5095246 8120579 6050282 9812884 8001780 6389161 2796454 3885567 2837150 2082322 2931950 7565707 9668510 5020077 2486415 8662211 6592926 3359003 8803254 1460806 8320086 2410056 5350448 5630497 8861216 7896940 2269751 2271793 2601061 6990702 3519969 8641757 1965924 7620009 3271776 2335290 5612859 8649715 4088343 6651858 1986091 4637361 3679415
94
15131461 8285669 2336171 2571802 7762662 1530812 2844078 6454577 1884062 5607168 4998206 6641058 3026445 4112714 2464056 6643865 8147347 8516160 8585286 7549219 5616958 6503768 1267499 3852013 1008035 9835451 8104561 2176551 8056203 8134617 3565108 8983042 2646872 5962987 5016667 3185701 3521680 8938551 6794662 8671218 2288217 9302606 2550591 8274363 1529624 2431257 8262878 2961730 4511079 1339615 4375004 5230788 4212666 7934830 9595302 6723308 4387677 5926066 9905868 3120338 5179274 8905933 4128197 3655284 9914906 1812921 7671187 5126774 2211835 5072946 5834335 9863671 3746858 4971064 4280976 1739060 5549315 5537655 5491626 7891688 2169222 2238638 7309486 8863532 2829741 9408561 4334658 2204667 2586802 5391300 2882279 2888336 5385404 4347800 7086895
20
60847754 1378802 333815 100168 22202 1751 305 127 28 4 2 0 0 0 0 0 0 0 0 0 0
77
8920953 7368955 7035033 5788404 8752998 7581491 2212874 1667368 7074146 7906706 7933098 6026766 2684738 6750385 1304743 1146273 1346038 5568672 4450503 3770332 7870498 9109604 1126807 3699288 6743307 1523886 5066884 2026007 8151111 9103983 4400726 7390718 9349343 5561313 4757241 4913513 1381829 6101341 4738190 4950689 6578724 6466343 8364305 5412968 4819822 9289245 2788174 2494567 5432665 5290134 2438678 7322115 9046184 1334553 4102513 5691117 3172067 6293676 2037400 4165434 7272919 6634722 6023755 9344666 1752423 8307935 5378978 4973494 9357882 1087416 8757784 9488323 6508157 2117431 4421028 6093525 5173949 8849235
86
12539992 4158321 3126321 8164337 6513167 1349281 3575177 5261480 3983830 6577968 7384603 9713590 4967575 7894653 9608831 2917339 2402898 3124671 6675457 4988495 4270074 1145863 6170332 6106829 2695712 5062933 8258726 9098947 4237555 4169057 3093949 2972361 9026696 9593013 3330564 1148306 8568159 7293311 9434837 4654999 9721436 5930736 1875975 3294086 3271465 9198876 1914732 6241958 2121962 7230904 2132270 5867086 3754871 9792862 4468932 3817651 9103774 6615435 1140223 8308668 5479074 2423895 8796941 6967752 6449434 1224988 2266885 8496833 3178542 8310731 1966664 5959223 1379818 9467524 3705470 7059869 8471851 4367578 7190234 9383355 7773101 7973203 1256895 4041140 7605356 7022149 1614990
20
50921279 2069979 663967 114751 50703 9908 763 254 308 22 17 7 0 0 0 0 0 0 0 0 0
87
29009663 3873622 5349994 5483193 3708086 4743835 4717742 3360974 6889229 7696140 5653584 8600588 5518580 8145228 5962949 4961864 5428189 7983592 7693688 2497544 5933036 9661893 3844981 1238493 5059327 1759804 4211491 8821614 6236474 2981046 7446239 5654247 3674844 1361969 6927898 7145121 6351680 1435462 6323680 4238497 6087145 4507258 4707495 4705183 3967616 6205412 6268609 8017253 3982150 2593948 6411377 5816938 5400387 9244085 5921742 5354718 7167521 6458496 1705874 1064861 9488341 5791109 9325254 1673215 1890809 5021120 1157978 4154653 8580582 1372494 6704004 4667027 6985736 5670969 6088859 8760682 2263398 8253917 6812329 8855746 5224445 3810074 7115357 8452244 8010464 9892024 3742050 6211035
62
56670987 4773588 6922212 9870774 6783288 8027511 2128508 5018042 9568266 7211159 9636762 8421444 4107992 1049418 4865403 8519577 5556413 4890914 7493195 6053130 8778954 8427231 6709660 4260124 2625472 9858042 3766226 2330879 3555239 2729506 3732484 4558582 2515542 4678686 3022752 4994945 3784184 7073115 9848986 2242248 3636424 7985979 9625888 4990156 8806540 4825929 4766044 4023165 9490849 4666542 7701330 7356042 5060895 4244332 8172009 5815621 1147127 8672044 8638623 7625125 3513531 8093605 8544910
66
8542702 7102246 4311313 6817154 4204841 9218342 4145762 6934051 8070371 4732984 8625875 3864399 3390839 6338648 3849416 3186663 9338310 6081573 1297787 5082840 3136850 8917545 5842020 2220245 4285012 8953002 6247262 8820848 9809853 6834033 8645841 8422984 9675100 8487392 4572384 7040285 9840334 4582249 1236769 6834607 3332318 5326650 6590736 6892300 2602464 1029804 5559273 6194111 9067504 8281772 8161267 9176506 1257568 2742789 2976466 4385618 4673258 8343281 9957084 5922196 9872698 8574821 6426000 6241596 5952430 2149881 8895487
20
47759712 2022941 288887 36579 2900 1371 341 26 4 4 1 0 0 0 0 0 0 0 0 0 0
78
5272838 2060896 1954910 1652320 4674488 9485451 3300894 9889931 7978509 8073512 6660312 4499701 4911274 9860669 9951285 2169567 5679024 6314471 3131378 1437266 8630855 2031730 7443272 1993139 9295290 6184888 7138093 4924636 5997713 6744378 1880822 6019497 3654200 7403309 6523997 3905631 6843606 9668961 6674727 4413560 6811332 1938458 9538945 3931627 9498659 8270031 9795596 1700791 1297892 8690088 7701120 9088464 4783344 8506608 7928243 8228505 1354175 2935618 4407234 9461420 3559945 8020140 4263347 4547433 7869378 5635964 2111438 1745908 9041278 5604356 8026406 7597308 6737049 2599305 1504494 7300423 8700400 1660443 5230688
20
102434567 3286507 1556614 1285579 906290 378914 67324 103861 13339 17138 7871 4626 2728 2440 1290 1442 557 529 108 172 38
20
69428642 2217269 752852 193012 77732 6562 7955 2342 426 172 18 3 1 0 0 0 0 0 0 0 0
67
7191237 2462297 4344303 6662134 7658872 5390874 8715654 9710464 1980520 5283586 4343309 1683865 4892245 9856977 9591417 9080323 5668043 1533956 6714744 8475425 4429640 8671414 6448489 3137301 2507399 5450954 2721342 7875720 8815959 5831915 4515296 3933484 9689053 1398663 7971170 7426532 6456736 6878600 8857409 4815975 3764195 7428177 9771668 9629385 5903152 3187382 4323998 4555632 2033580 7588540 4565776 4765711 7447894 1988310 1250571 5740408 4939740 6288231 9212333 5504213 7651366 8292360 3853971 3920844 1180833 1735625 8904742 3375723
20
118367409 3446122 2064195 1186006 494553 453246 297455 110626 44557 32471 15928 17214 3092 4680 2786 687 393 591 102 93 63
20
69454660 1481050 265427 145096 18001 9025 2307 548 97 39 6 1 0 0 0 0 0 0 0 0 0
20
104172610 1313592 656869 717819 295011 189863 15432 23661 21543 8523 2811 2079 236 319 40 85 51 22 6 1 1
74
184731584 5088688 5675763 6325420 2065389 3702671 2822973 8841630 7614142 7673315 8699774 7844840 2011072 3806442 5063970 6979557 9513894 3264296 2216272 4933712 8270816 8629661 5703178 1373543 8121837 7976729 1588366 7165601 5932455 3407379 3197813 4946661 2058392 1928411 7714320 6186990 9967055 5735851 8258571 7017925 6238649 1012324 9080511 7498957 6346777 3750089 4618838 3213436 3606435 8951236 3247324 6624833 9769842 2672993 9047855 9975457 3506325 4998476 8891074 1190336 4939669 5240716 6190419 1686494 3541038 8194701 4031331 6893272 5832446 6159097 5317023 3876976 5948320 8376739 1212914
50
4988519 3546196 3628553 1788786 3815019 8694828 1441821 7124906 1929694 9935318 9884236 3771138 1708497 2333604 4350867 2225824 4767874 1615340 3846049 6627346 3961977 8163635 4601496 5383939 5637475 3723407 2477181 5517902 4009603 4575282 5523550 3515942 6802472 1556314 3025103 5597447 7152579 7808845 9652776 7715619 3854488 4722019 4726187 3100822 1153682 8306018 7866682 1084632 1334290 5846815 8234550
20
103243531 5864621 588274 264976 426893 713912 299127 191438 176312 32985 42355 10822 15735 9299 8010 3689 1337 995 356 247 141
20
118564388 7912070 6041398 3026151 2324486 1825510 2181418 1623149 186924 1159064 724165 232241 501188 209142 44167 135158 142723 101681 32155 92670 100945
20
129215337 1558642 5703328 4344115 1951374 3780248 3680973 3727739 2876414 2358288 3016295 1110690 1754020 1756992 708247 1691300 1099192 1013678 1106010 261286 507688
20
110788742 8250639 1473709 2679907 2134279 3934353 4151333 1406614 1475702 3703208 1721088 2869199 474872 1844915 793446 742245 761956 1228266 1430725 927054 1202957
20
120915165 4510956 2306094 656185 616351 145159 74123 113696 52592 13893 14663 6573 479 482 679 586 65 115 38 50 23
51
36424509 4936649 9866801 9615099 5682736 8217823 3381431 9069847 6737536 1024998 3209561 2900803 3154748 6811525 4795775 7101965 4412792 1770565 5349247 6723920 2412556 2425556 4085561 3748475 4921467 4995318 4000322 3478884 5723837 7665949 7673058 3243669 3019834 3388347 7460232 5764408 1893405 5154849 4219869 8538638 2846493 1444362 4110318 7326190 9960848 7366209 3575255 4488751 7181214 8773314 7750028 4917445
73
8594766 6458586 7516317 3009024 4878078 5104372 6647117 5106983 4180240 5363872 2908813 8957319 1085094 7405185 9643854 1780179 2112834 2319895 6228643 1152822 2808496 5891861 8134286 2759291 3689862 8166513 5399341 2971063 9080059 4007813 6932775 4512241 6340663 3837110 7519800 2005653 4382454 5718256 2780036 6622594 2733714 1856578 4618603 9052552 3338255 5326980 1455190 8688656 8776532 3603212 7701254 9204781 8572574 1950440 7656425 9017948 1941861 3087460 5737060 3551251 6440880 8833163 9685918 7282864 2064076 8824611 5890580 5500606 1860254 7162817 7468709 2133786 8386603 2667040
20
111506376 6236469 3337642 1022057 455326 612912 507505 740966 384130 261194 315693 177610 86731 13191 31571 60039 32004 24197 12019 13557 4561
50
11880404 9656812 5714893 6756973 9610673 7281074 7375201 6595444 4491019 8084372 2160336 4199896 1893526 8370680 5600769 4094313 6070585 4512568 2733121 7907235 8596058 4363515 1268227 5735492 1382615 8015881 5052223 8427820 5957948 2169630 2270291 6478036 2338224 5266227 9623308 4281367 3441688 5582870 4583287 7486089 5383825 8260474 3790967 2941044 9437729 1456325 8855736 7388195 5347692 2075968 3521152
20
84302761 4562134 8008959 989608 2699191 2653597 1380113 1289819 1704916 1003746 1145955 4303286 2700050 5584698 4053045 3007040 3908005 3853466 754851 2015628 902882
92
196279344 7672363 6404483 6997141 2868044 2636750 8365972 5451168 1915201 8285333 6798676 3658225 1072353 4164293 7121169 4941185 6861538 2193960 7305270 6860911 1401715 2575837 7245035 9143189 8984696 6377832 1315265 7407419 7227665 3732124 5543030 1987671 8206047 2162040 8986017 9175557 2714032 6962636 7558019 8860831 8412921 4487072 9247164 3574521 2806827 4932441 1319857 7600668 9863925 5548962 3527191 7003896 6703904 4124040 7613877 4902927 4272796 5264441 1237272 3486676 2103918 3744878 7927697 6814979 4871263 1786778 4312728 3126186 1108549 4604101 2317024 1283663 9088646 2383721 6354474 4677037 3528622 5567804 9090780 2843455 8700586 3186924 3151785 9130545 5990676 9122908 9105543 1185911 7103612 1902264 7394361 4733302 1735866
80
10735030 1452119 8261267 3107212 6936981 5625408 9976549 2601610 7279814 3679669 5492360 8623693 5530063 2026615 3432983 8382186 4175618 5387650 8318027 5283844 3509441 1979848 1682291 5726501 4283858 5491470 9828759 7359846 3657983 8532562 6154785 1301992 2438993 1005827 3519435 6633151 1251888 5885930 8071060 7650592 8988760 3214469 9054619 1203410 3061275 3349361 2417184 9304386 9485469 7921317 7453859 1953750 6082328 2636069 2955699 7183242 2817455 7460277 7469303 7381312 9265098 2744600 6044909 2064019 2854435 8573476 5916541 9122846 7556502 1477178 5333193 6747667 8525042 5785314 2046385 7754551 5181815 5784527 3428107 9199281 6019524
57
8157770 1948398 8892314 5142679 2783367 2078314 6227199 6288140 6859501 7026432 2630032 8196057 5126365 4144196 1008330 6245545 9701132 9534229 2535591 8374107 3934607 9620989 2855740 1651668 7781998 7875414 6400842 2115173 7051572 5610096 1582334 2655549 8164940 5301206 5127547 2688730 3831459 7215889 7465960 3406017 9714969 4704431 4438468 4874138 6989479 1068577 1913663 5054232 5214502 9793735 1937567 9721631 2606717 3498174 5832338 3118955 3999822 4513362
20
104066413 1350471 2235841 1395595 1636013 1439901 731820 261467 137278 435971 253058 226797 50586 32898 54443 17385 29275 27926 4368 3243 7336
90
16376456 3647725 3402738 8438588 3775300 2984084 5517532 2700742 3912876 5542710 5483911 7161627 9115237 5638401 6972690 8248878 8239563 5555520 9730014 6481969 9104340 5999211 2625768 1798701 6481399 1043402 8879785 8324559 6916684 4414345 9262099 2021568 6675373 5735256 8976462 8892597 7357297 3200293 8743440 4817625 6383269 2560251 6904408 1419982 9204669 5667803 1695137 3570166 7874369 7787743 9229278 6122137 8279079 6766614 1102475 1276480 6171510 2672229 6422317 8286945 8732682 2780843 6583581 3715492 3844723 6556808 9438542 8694388 9578982 2391254 3536065 1311456 7701376 7392034 4019977 9052869 7869715 8405718 8335537 8102650 4026845 8290457 1217698 3272682 4421712 9935245 6101554 8333899 7178493 1019882 9019059
61
81648247 2674346 3098684 8325478 2846054 3594376 5604061 9740594 6313945 4951528 8131794 9957700 6549146 3180620 5089161 4723154 5297056 9227860 5543889 8765185 8644158 5059756 6494818 2467106 2730691 2424275 1200472 7799484 2926346 1722846 1723272 6826874 5489643 7383878 9305076 4860983 2941712 7431239 1678107 8770145 8311024 3591938 9535840 5466745 7842864 7651385 2430093 7473498 8119169 7213872 9674026 9763003 9883999 7927497 4936467 1682577 7901788 6691174 2453130 4749327 1688100 5838622
66
6378819 3694417 4487666 4935548 6929931 2642180 8776178 8489980 7637694 8110865 4278149 8834665 4950995 5446292 6035621 3060409 5943309 1601460 5652693 4720710 6684040 8061113 1630040 8381904 9751015 6655936 1756525 8638193 7776555 3564369 1381902 4491684 5981125 5414545 1959931 9969667 8602795 5698810 6926065 1853729 8326769 2579177 3673258 3252543 5779649 5064933 9047059 4935621 8667499 8866769 5823767 4642355 7303646 1623941 3252547 9546973 2824633 4167509 2180924 3422602 4232671 6923714 9671384 3133439 1731645 4495908 2307187
91
12697208 1908978 2025749 4273200 2308587 5592976 4203167 4135216 3804092 7013100 6323570 8946281 8734087 8213221 5776863 1268693 4191152 5107499 9004767 2427134 1423348 9009144 5541823 3821362 6314227 7559013 2015765 6876893 7906696 3355999 2257964 1510946 3256673 9812136 7404196 1568277 6620171 1083482 3514211 7369757 3651666 5051218 4090023 5213116 2465897 6391694 4872457 1061846 1696805 2709576 6506545 5619609 6340537 2352503 6196141 7899238 4942466 4434394 9507061 9300837 6672871 3959276 3722151 9521814 4394947 1387043 7350193 1373270 8729450 3312908 5577451 8402039 7702772 9977091 9122145 8173958 9551905 4015038 2802506 4768214 2834015 1203094 4375695 1209355 1940956 1293631 5580812 7637028 1937894 4792853 3211320 4431197
67
57401886 2081953 5606075 6272006 5413013 7885611 4302734 6517816 5567769 1690071 9603201 4329727 7480068 9822288 4596400 2016444 5018562 3220141 5525621 7437612 9986277 6995397 9363475 3280963 5345757 9572732 5336468 3348198 8064803 2355240 4862291 6390210 5627386 8393514 8545287 5885709 7187363 4410238 3801944 2046009 6018520 5312444 1325005 1492236 7034097 4161349 2494859 3753297 3274046 4797337 8233650 2079982 7515554 5827564 7572747 7273435 7648188 4958986 3298374 8789072 6442067 4176760 4548947 4209338 8042255 8330893 6100296 6007997
20
120575160 2186129 1839527 232799 387451 136376 204479 64535 54907 25705 14476 8828 3146 878 901 134 261 62 55 53 11
20
103366213 5048456 3183488 1273208 3449168 4945780 3250016 3004476 1674232 1087953 1032743 1768338 1393829 939458 634093 287806 134491 948162 441988 526604 638643
73
10685121 9288724 6764391 6578917 9580216 2821504 3042079 7259939 8831679 5812234 5696763 1502864 2094347 6093379 5651319 7955586 7842522 5655962 2759433 6210849 9249148 3711377 3973130 3277732 4351385 2254605 3060648 8730653 6047673 5603368 7449842 8982201 4840265 2195708 2219237 6334229 9614166 3007009 2537784 3351900 8605492 4373475 3384541 6812831 8262969 4578724 1839758 7128054 3939382 4802190 8120980 8424321 3970167 8235285 5577290 3586505 5717877 4894886 7342429 2506571 8511244 9772076 7436359 7410855 9856849 4011585 6053989 1274701 4238296 6981021 1821752 1962139 8708511 1197730
20
114622663 2449075 2622105 1134215 1274453 769793 227072 192252 148731 96423 16326 36636 11726 18907 11987 2873 795 1150 1856 243 745
20
92562426 6474641 3545808 1816080 1451933 848315 318440 193665 68940 89278 137063 52073 65619 34568 10688 28913 7342 3179 6848 2895 1828
20
68106071 3119916 268866 593163 69048 19068 17155 4348 2450 447 542 271 143 15 5 2 0 1 0 0 0
54
7400116 3705087 9163528 1540540 4769963 1306300 2821595 8413973 4294230 5113163 1986228 2502920 2403437 3027361 5981682 7706173 6513919 5643121 3469306 5575271 1981551 2172550 4646923 7205099 7229851 8701737 1327507 9240154 6524177 8673818 7879669 4065053 3393756 3719467 4388856 6778042 3924863 2444508 6337731 5691270 6746877 9316604 1891911 2523926 7803319 9708275 7882033 1861735 1433854 3551553 5644865 4937213 4136799 2566220 1229160
86
32214311 7006042 4224780 3332018 4128734 8516957 2738448 7664553 7949904 9876538 6729021 2267608 1784989 9203622 5192499 2033274 7299415 4566090 3286561 9523418 3878495 2885086 6212031 7123571 9331726 2501227 7744842 8463656 6224977 7300649 9960654 2342181 2256890 5121558 7257633 8688466 8531794 3339765 9818047 1010007 3089071 7730632 4187534 9791450 8210270 1844484 5309646 2619071 5810176 9634030 2027154 5256754 3341356 5445117 9059503 1751990 4132970 2202178 9151580 8709477 5882549 8881061 4135654 3388575 2838428 9464657 1197540 9274419 9796049 1775860 3114513 2546611 1982334 2635234 9388357 5885476 2689433 4877169 1157811 9699540 9983141 4466936 5610275 7436055 6685376 6066056 6724940
20
85650963 1094860 689391 434333 117686 41451 11624 1469 889 639 82 123 24 16 0 2 0 0 0 0 0
20
113175899 8040448 6528558 3343003 4517463 3749869 624982 1071191 1107534 579526 328873 688800 155162 730992 401471 497396 196184 195725 156764 84051 213210
20
98691034 2455519 4871265 1624180 2588898 2078093 946369 1052226 720695 256495 214485 194527 526253 228726 168392 34281 79112 126972 18602 96427 51208
20
97837511 760463 5075306 3484721 2810842 841013 1110722 193578 243598 392170 232066 91991 30699 82916 43100 38014 42178 32236 27967 13510 9770
55
9106860 1869763 9769776 2289606 3708090 9023599 9282443 1258992 7087381 9449869 4120995 3537782 1253674 6145157 4745944 7321944 7506079 5197473 8475467 2696108 6239771 4422775 7726222 8977768 2946261 5775709 6814761 2114207 3401667 4090344 8639312 8533568 8696796 9197377 3827605 8333010 5190971 4961728 9175041 3270012 1387946 5469449 5188509 3077996 5168728 1055500 2864648 8560401 1952569 7542473 3116953 6244475 3631489 1330434 8797150 3359036
93
14973059 6430008 3403940 6399180 4282224 5190710 8166720 7106272 2269150 5334330 1137209 3515555 6462954 4860284 1701729 7854023 7367797 5751448 1251587 3750762 6219257 9934325 1024924 8142082 2556788 4543481 9192747 6113690 9309606 4884487 9473507 7509606 6890743 9646983 4179397 1517621 6600853 4194694 6030315 4727269 6041472 5294759 6182873 7264373 8103652 1113887 6644082 6590464 1781041 4991917 8527609 8527867 3283968 6893659 9435267 8219964 8924343 2498973 1721100 2679242 2572094 4824362 4451377 4424368 9492836 6882446 7707608 3112616 6435178 7069803 1538619 6887744 8032695 7876860 5649513 1936930 2369610 1865013 4495798 8035691 9899469 2413665 9315640 6780574 7002734 4282638 6694817 4202310 4070832 7736415 9865931 1874544 4578676 3324877
20
122465748 1404507 1349671 1290913 680330 94334 101238 23453 48167 33228 7230 8300 3313 2427 1161 685 165 163 44 62 23
71
9343292 5984932 2079684 2781608 4456369 3353285 4435610 5485921 7019412 4143476 7306453 5331042 2247292 8983978 7780621 6887988 3340053 3449298 3199182 7654191 3931225 4739751 4878556 2952998 2909859 1187709 9045420 8497177 2172460 8405930 1802211 4985490 1313810 4533028 8416476 3740672 5238046 4605609 1828880 2482931 1770042 7727161 4546381 3457600 4109361 7572576 3968202 9194677 5564281 8046571 1523075 2084609 7503049 1301167 4849929 2763892 7683768 7482036 8770283 8721503 3914911 4874195 8444566 6357625 7907210 8723590 5931150 5322782 3800056 7405266 7055417 2309710
20
110347408 1691877 3318737 1354594 1288682 157969 133226 336808 100704 26110 35576 53218 8358 12911 2323 3360 4002 2621 1603 998 383
20
101183434 2593772 1266076 730692 1279363 116336 202714 147386 59605 67572 60863 11055 22384 2238 5910 1092 2053 707 1103 589 243
20
98081686 4087421 8292425 2435278 5107469 2878717 3041216 1143033 1842774 6444294 5971681 2512479 3948220 3102610 3733639 2126670 5327511 1160415 3484210 1701725 2403510
88
33083536 2909760 4279910 2009224 9780330 7954402 7020798 7834597 7525020 5480661 4794371 8256900 9063464 1868597 1793969 9569638 3673205 7730667 8295988 1836151 6642952 7488719 9353413 3980236 2894386 7369059 6773615 8962929 2348480 5036000 9571033 3617094 5597419 4269101 5473313 4542432 5554091 7074180 2633757 1337700 8911085 5095572 4137927 9534392 5834400 5467643 6843378 4634281 5175392 9426684 4769726 5779406 5952259 4924549 1626040 1547021 6890225 7284026 8027599 8330977 8974609 9768425 6785667 6982191 7582880 7053068 2478303 2482826 4805711 5543377 5549430 6072970 1532269 5369676 1132605 5934612 9019580 7555069 1843747 3600660 2114872 6825983 9120646 6892894 7661963 8697131 7278197 8959095 8025093
87
8505452 8579916 3219767 8284804 3058646 3582332 6125663 7553054 5518708 1716135 5890481 2119700 5114526 7420035 6025932 5267788 8656639 3930758 3718477 3171185 2917354 2144293 4698691 2929715 9146087 4161763 7698865 1796686 8596597 5341531 8347212 4747065 5519911 7737628 3559095 8738554 8643573 2973818 7560605 4345847 2666854 9717468 6130466 5753965 8947424 2437013 8346776 2451871 3075222 3865584 2608887 8749245 9677394 2261051 3999303 7710341 6330488 6624366 5590188 8861458 1736447 9198044 2852974 6172164 1208923 2065630 9218355 8782088 6978006 8735819 1899434 7599533 8761631 1464449 1293111 1565532 4665532 2308641 1376869 1585084 7495988 2292109 8779678 7406547 7697139 9777954 4633276 8653789
20
110796663 3674233 240957 661438 286541 101573 23341 25143 9281 2266 824 1058 392 156 69 14 14 1 0 1 0
95
10967467 1691436 2464431 9371736 2210774 8115764 8739762 3877319 7527211 9796547 4753343 9480805 1002320 6149902 6892346 9740146 9516235 2537099 9141960 6483463 2049709 9592195 2409872 3555620 1078339 9100288 4471791 9496348 3207036 1753930 4989892 8231842 3445095 1279658 9939643 1376838 4966473 6780755 8074330 4007420 6864781 5504983 9154898 3111146 3827350 9613097 1868898 4418261 8403029 7625577 5667069 3654401 9689879 5008467 4290167 6996847 3213737 5718541 2615347 1278324 8849947 8300805 3645871 5346922 3415413 4158215 9249794 9594437 7283481 9215010 3741766 8414164 4949620 7157672 4675909 1825835 7082531 1106978 2347476 2053643 9744882 8726375 3445781 2144990 7694646 4703189 1233732 8837328 5909518 7857227 8825602 1164504 8000185 5798313 8093623 6195937
74
19650865 5440826 7318580 6752367 7632789 5121720 9964000 6348957 6973358 8762008 7223129 2491046 4842300 8885811 5701118 9964135 1289122 4924192 9140999 9615786 1235016 8876510 9410525 9895983 4839329 8427832 5167634 7492554 2638588 4103195 2305764 5762109 3611038 6887554 6705241 7664365 9722736 2594312 4276971 3330849 9100847 1189152 6391587 2387492 7707995 4232364 9234571 2917643 8866366 3857741 5334023 4000493 5276082 7378223 7030711 8559452 1744605 1341568 8881173 6662539 3498959 3220841 9980571 7293452 3212228 3124469 9024394 9129518 5163258 2779956 8982843 9320038 7631412 8974357 3912670
20
97026819 1442240 5238720 3005945 799157 7225226 2697763 1394895 4486198 2983909 652789 3773645 2286447 2899818 3694323 493217 1402914 2461125 758939 3045773 1737558
64
17020895 5482068 1980975 9698242 5238622 2253448 7428655 3589397 5536735 9393715 4808609 1586201 7501413 6304959 7477471 1843609 6713263 4352405 7466941 9563884 5274537 8448238 8133530 9014992 5740442 9263336 8826849 3154042 8416768 6078381 3817215 8559614 5949042 5147461 3514048 4199162 9734819 5251897 2887333 9289252 6150605 2776155 9286256 1408982 3895420 1711554 3314303 8993517 7132251 3716538 6480205 2177427 4979693 5236930 7775838 1193025 4366243 9257756 1125064 9796653 4715942 7699669 4553875 3101183 3435831
20
99330271 4465187 3367016 1208845 4524617 1238391 6859773 4743000 2654683 5533717 3089071 2928111 1249691 2390695 4226703 3290195 3397244 3169305 1611566 569199 385790
62
10298712 9877207 5995984 9498964 5694523 2348796 1677438 3670003 7760945 1433850 3811301 2385350 9548985 6837227 8183330 3040430 8831444 7083345 3285928 9378398 6985940 8364012 5801620 2164432 6145288 9776395 7835029 4381887 3941208 3063451 5057469 7560655 4950635 5948581 1778918 2078966 7718882 6813195 5311059 2291865 3976167 1664306 4292971 9204667 5930840 9264147 6207415 4301614 3026360 8642958 3074311 8737990 2785181 7500152 9808382 8609252 3172146 3507616 7744769 9394033 5502511 4979606 1949142
20
119349777 6306625 8295834 1075104 7145316 5787720 4528289 1907940 4921142 2451675 3689175 3812399 578589 3189784 1042060 3190036 1863395 1646399 2757032 1142917 1003331
95
9552769 7325131 8074151 9986954 4526081 2369866 2689873 8258975 8097080 2138023 7944674 9565974 2102152 2128340 7828751 2920173 4464118 5896812 3527291 1251977 1686654 6063291 4660966 1647485 6474785 9647785 1834255 6410387 5411293 3657054 9735390 5026558 1552095 2362006 2811095 7290296 5979399 7177739 6299467 5990030 7036029 6841718 1352879 8638321 7446390 6019970 4535675 2863008 9533407 2462944 2787668 3502329 6183834 7034861 3704577 9210835 4848681 2212193 9810643 9055495 2030506 5574615 4821398 3576892 1225261 6526276 2013916 3165175 9583767 7740530 6690095 9333905 7110146 4709308 6199439 3719223 7229865 9693928 6103267 8175501 1229116 7391202 2793078 5888391 9109610 6870994 5559356 5534631 5142705 9792860 5112417 2707591 8085033 9146010 3107007 5265816
20
121432238 6113035 2021734 2421504 1273387 1206791 707445 1011561 944333 463268 264965 338232 451191 314291 199070 112079 154008 112393 51278 65200 29190
