100
2
200 100 100
2
1000000000 1000000000 1000000000
2
1000000000 100 1
2
250000001 0 1000000000
2
10932137 481819 405860
1
844993 1416158
2
11031555 7953463 6646135
2
4853343 2982841 6696491
1
1749458 2401011
2
4339161 2952219 1603869
1
5618779 4607034
2
7974976 3378650 8888781
2
5927398 4240090 8986010
2
6983714 5687401 8931528
2
8214574 8400287 1513057
1
8797846 7846256
1
2399084 4075268
2
9527146 3273942 4920693
1
1973557 1071746
2
3154429 1114795 2947884
1
4484055 5627925
1
792555 1266238
2
8557087 8030701 9340402
2
17965452 2876597 1088970
1
5913970 7125180
2
7259772 1386548 755532
2
5271646 3828022 9715271
1
2394581 2754322
1
6005221 3822266
2
13727271 3615886 3419097
1
2273754 1182121
1
1320609 1950195
1
4991706 7487624
1
4977863 8522280
1
7983827 4584749
1
8030521 9228238
2
4465582 1794219 443477
1
1643468 1563062
1
7574231 5270167
2
5916217 1677081 5907609
1
7034113 6381449
2
6228239 7163957 4955965
2
3961854 3702169 1337325
2
8208290 3736605 3709295
2
9679791 3121850 281768
2
12847230 1860023 273313
1
2402722 1251182
2
8903680 4347917 561225
2
12839596 1842148 1414932
2
7795926 3658124 8883722
2
4639212 601713 472676
1
8160139 1672109
1
7440723 7831599
1
4477571 6017480
2
6911900 1364875 3232094
2
9593172 4005814 9836871
1
8870007 6669522
2
10856951 4758747 9469709
1
2998833 2603894
1
1781812 2931791
2
4623465 3605032 5716111
1
4362635 5432219
1
5930080 4606921
1
8244972 8881595
1
3052140 4854779
2
14670764 2628360 1005820
1
8603758 9445324
2
8026956 3273162 3242609
2
7417975 2124435 9654001
1
2299372 3705545
2
6736157 5298058 1235965
1
4930973 4211184
1
6656742 4714272
1
1569628 1910618
1
6521851 8948321
2
10037244 1978361 217959
2
16248446 6490828 5091278
2
3985158 2445547 1155365
1
8372025 8955656
1
6555977 8423446
1
5659394 1263278
2
10513633 4858086 8246213
2
1699925 1978546 1905221
1
5301976 3239098
2
12812999 9247951 8586476
1
2673060 4687576
2
4404514 6100947 1403215
1
7606663 8556911
1
3064061 4142763
2
14003589 7435997 5681566
2
3849118 563295 865796
2
8801275 2417044 2140426
1
8202516 3878984
1
5938260 5110400
1
9668119 3023869
1
9075294 5308289
2
16181485 2255956 335211
1
6171976 6462429
1
794910 1024128
2
11461004 7368369 1378063
