100
2
200 100 100
2
1000000000 1000000000 1000000000
2
1000000000 100 1
2
250000001 0 1000000000
1
6986064 9887419
2
7729595 1873032 6775364
1
7928691 9734848
2
6849832 7896014 6979894
1
3363492 2864828
1
4770340 3020568
1
6649628 4121364
1
1056691 1808617
1
2507758 885693
2
6073457 1697868 7959820
1
4856324 3375512
1
4255426 2234201
2
7973729 7656428 4232460
1
5628763 1160192
1
1141929 764769
2
17550159 2466084 1004777
1
3478984 5430686
2
15796440 6018386 5010079
1
5346191 7646100
1
2630478 3535835
1
9480911 6445879
1
8591154 3508691
2
7850097 2242851 1424654
2
16015929 3087299 2365417
2
9514746 4185588 3397427
2
6025818 616020 320286
1
3888703 6351222
1
2141284 3200879
1
8631010 2363682
1
1757700 2336412
1
4768204 8025215
1
7362480 2932239
1
1271889 1727563
2
16085871 2391636 570104
2
11359694 4402170 3566569
1
3540984 3158034
2
10383828 2332803 374718
2
5216100 4737863 1666999
2
9546886 5763935 8600062
1
5536877 9872276
1
2074772 3419660
1
1390755 941884
2
11059919 7565955 6233353
1
4721281 1900440
2
9391223 3745015 9791211
2
8301444 6434569 6173954
1
4488948 2453136
1
5464836 8855742
1
3283672 5879218
1
1851326 514391
2
13133620 2012617 2264906
2
5755205 5070212 4382309
1
5753749 5723260
2
12285850 6367162 8331572
1
6595040 9607803
1
5500869 6929073
1
9710876 2401875
2
9181059 9493959 5327254
2
11603804 2080249 1339433
1
8814909 8938727
2
9233244 9395308 5296607
2
8680245 4118554 1574642
1
7130202 3491412
1
8909744 8656114
1
4709830 8393448
1
3860853 3434815
1
1392495 1166187
1
3453174 3895008
1
5206049 6462025
1
1671004 971230
2
1777122 1712341 1442290
1
8482427 2963664
1
7915811 6902923
1
6308786 4511806
2
4115226 2876358 5588741
2
7181800 9235407 4733124
2
15945343 5485894 7740770
1
1153463 1153253
1
5967576 8977762
1
1047080 1830162
2
14046099 1503773 334836
2
17302966 6785436 7152149
2
10971420 9616261 6658585
2
14253214 6071966 4440858
1
8001998 1926971
1
2741577 2777081
1
3885947 3738856
2
5721723 3962246 3497143
2
5157712 5791341 2258436
1
6314178 1835063
1
5652128 9615085
2
15195129 8737508 9527722
1
1915217 2027921
1
9231186 3314845
1
3442795 1544595
2
8835847 3353134 1003717
