100
5 5
794 122 712 143 102
261 417 503 308 761
108 471 556 822 125
48 956 624 140 115
955 116 553 818 848
3 3
577 665 787
951 118 997
719 181 707
10 10
583 850 728 519 604 449 446 173 917 236
312 158 60 974 544 806 460 37 193 915
209 436 843 210 360 866 893 425 501 409
64 898 870 944 564 397 854 360 655 762
893 203 229 587 904 85 515 461 990 369
549 937 268 490 417 996 255 850 867 613
374 113 575 907 200 293 566 366 339 831
269 151 462 46 61 444 133 791 495 340
568 143 646 906 566 346 460 93 863 15
261 430 522 32 156 710 873 335 522 87
5 5
732 687 697 7 742
639 17 795 439 197
620 455 220 571 888
672 988 341 883 876
867 294 667 410 891
3 3
189 819 916
602 974 682
587 315 367
10 10
969 307 799 940 747 483 392 97 190 239
89 123 118 188 762 750 163 808 622 79
751 49 644 279 816 671 398 774 237 860
661 587 554 904 73 347 54 259 964 416
973 375 922 300 618 785 931 902 526 17
152 86 758 387 144 148 544 1000 429 419
35 966 533 160 137 26 729 283 907 759
416 247 797 226 269 591 145 458 603 947
72 379 589 585 98 631 912 101 538 791
908 941 774 156 869 54 91 991 35 868
5 5
181 129 608 537 750
171 624 992 428 863
64 887 671 42 161
861 572 588 580 738
662 723 877 296 794
3 3
635 638 916
173 356 243
833 170 906
10 10
922 242 657 115 756 924 920 662 947 777
846 448 451 370 522 67 631 702 453 571
620 765 225 401 406 509 588 924 228 948
319 537 946 615 151 745 683 76 421 306
837 532 374 168 105 820 583 69 755 966
985 587 853 657 529 513 585 840 249 778
882 503 675 653 799 359 324 6 951 54
953 584 183 658 756 392 133 181 433 655
41 193 298 867 99 851 175 825 100 147
81 363 91 279 646 389 860 991 510 838
5 5
958 169 360 302 579
534 518 266 202 494
171 32 654 808 438
748 176 25 770 925
911 746 366 936 759
3 3
383 318 311
738 842 971
520 750 623
10 10
919 808 278 475 262 522 221 918 86 158
933 605 216 714 232 610 658 912 933 342
793 638 260 713 719 925 133 511 380 673
36 776 560 716 756 802 981 509 244 741
692 285 346 454 139 524 207 934 308 251
844 526 922 791 66 534 288 773 633 200
313 122 361 276 539 971 92 656 378 57
35 190 835 699 367 812 557 145 573 475
334 427 310 683 298 554 713 828 790 461
18 400 420 921 802 976 279 796 812 160
5 5
850 852 831 238 281
643 524 164 46 930
935 369 593 222 413
480 296 468 901 609
113 983 87 776 198
3 3
132 844 236
561 117 351
486 155 930
10 10
215 850 954 112 970 380 477 80 193 415
797 390 723 466 480 390 609 29 867 46
499 551 432 245 864 500 515 145 818 126
162 530 563 223 795 578 77 452 836 579
859 967 149 279 59 343 467 648 238 247
852 537 379 839 177 841 370 27 970 663
839 789 49 331 461 286 433 212 727 401
832 336 827 560 537 348 987 915 917 133
808 990 980 928 762 786 311 692 985 342
774 914 467 673 499 551 525 37 581 810
5 5
171 577 142 569 705
313 979 17 217 635
876 374 126 739 754
255 185 233 78 83
657 837 388 354 507
3 3
726 387 886
55 436 928
61 941 884
10 10
12 800 384 147 553 170 740 563 342 898
796 771 628 702 628 387 601 64 555 32
998 197 793 579 1 363 752 183 758 33
820 294 744 645 181 527 117 282 760 734
449 426 56 368 692 27 781 7 228 453
302 507 431 650 110 676 58 303 330 661
710 700 179 15 865 469 44 178 641 184
120 675 52 260 599 491 56 237 296 457
695 697 553 240 351 677 280 416 496 699
563 91 711 604 92 87 673 36 158 135
5 5
318 61 683 725 14
476 708 505 204 149
173 747 539 307 180
738 696 61 775 113
743 219 764 515 660
3 3
656 212 824
321 63 474
201 423 618
10 10
817 43 524 753 616 939 742 446 49 24
731 326 175 243 357 982 784 659 643 432
528 332 424 479 885 166 568 859 790 791
887 91 703 952 487 278 973 15 547 679
718 1 474 166 710 310 855 491 541 648
322 637 302 718 452 801 375 635 338 634
879 950 98 124 51 275 572 605 668 332
955 74 862 50 298 220 244 208 793 587
581 471 49 110 820 26 858 816 448 769
13 861 741 41 963 893 270 891 472 868
5 5
127 154 306 172 194
797 530 745 926 19
481 485 798 604 555
804 92 706 184 84
310 437 972 170 611
3 3
833 771 454
145 778 493
642 518 423
10 10
218 817 254 679 340 686 564 893 969 925
652 510 68 920 758 871 71 658 52 733
662 854 236 881 44 269 953 137 195 29
474 766 265 72 967 454 583 812 826 596
213 636 771 77 228 565 325 705 214 632
880 526 598 615 310 287 878 509 315 986
660 921 329 869 360 564 570 521 256 502
545 539 130 175 423 360 98 842 899 497
287 627 985 325 856 235 860 649 54 693
453 982 843 386 418 746 979 212 70 164
5 5
263 866 457 888 117
404 832 528 509 900
85 583 672 107 527
687 128 683 765 62
119 146 618 540 809
3 3
644 784 705
238 600 684
955 457 873
10 10
414 541 667 658 76 443 181 311 60 269
509 797 490 262 963 204 827 277 593 301
312 322 146 317 647 306 955 90 882 431
152 662 104 479 808 536 84 316 675 47
885 28 410 708 126 225 365 49 774 99
577 740 751 371 70 968 768 990 324 177
82 562 546 362 558 497 850 39 310 176
205 568 877 659 843 390 84 781 939 999
47 830 196 901 333 212 178 461 705 218
806 795 314 369 709 634 306 87 912 235
5 5
883 731 304 822 583
764 720 528 493 209
516 15 918 785 896
344 648 621 90 196
752 438 722 406 676
3 3
515 567 414
336 681 762
223 455 221
10 10
874 375 118 876 335 27 346 738 888 582
978 260 37 553 40 917 609 805 516 663
573 367 80 401 891 854 761 775 159 344
896 703 111 215 899 830 924 133 435 648
93 146 999 197 510 522 556 576 467 531
85 523 70 783 874 933 574 337 58 35
910 296 711 944 223 404 661 673 349 169
704 508 1 161 482 542 913 481 821 262
591 199 448 3 942 597 894 77 492 977
855 526 875 551 295 138 116 223 173 366
5 5
413 499 540 394 93
417 657 310 551 315
144 830 764 949 687
153 132 173 232 955
636 457 516 78 506
3 3
476 303 904
192 2 679
358 907 295
10 10
779 428 409 69 390 473 145 413 533 31
597 559 168 666 355 386 55 41 940 323
482 886 106 989 704 392 721 107 808 338
939 502 358 743 487 130 61 736 477 485
319 110 288 816 895 235 769 559 345 339
881 150 136 8 965 972 164 498 187 35
358 500 818 786 240 551 606 806 469 17
490 294 165 589 357 929 16 524 715 919
519 808 859 181 820 400 493 841 658 508
679 888 846 519 937 129 919 404 468 836
5 5
846 137 73 115 685
998 68 134 677 558
731 737 891 439 396
329 325 743 472 924
364 108 580 649 191
3 3
633 817 402
124 801 61
766 678 297
10 10
78 432 125 239 12 616 585 160 389 779
356 345 282 170 816 312 532 331 820 124
180 909 246 225 765 783 17 583 181 573
511 756 930 580 285 972 12 694 770 859
847 262 419 649 856 922 176 682 192 539
786 857 700 657 314 533 775 678 188 344
916 224 205 789 333 584 576 287 971 318
611 675 866 391 569 21 809 500 946 67
178 542 480 412 243 201 880 526 923 942
365 623 547 241 266 95 93 120 534 826
5 5
114 528 380 978 48
830 109 537 815 853
948 875 984 923 596
446 350 247 994 268
699 598 960 754 404
3 3
808 651 477
529 39 107
215 294 997
10 10
797 797 532 307 82 738 870 767 708 594
962 798 307 876 231 144 304 649 525 820
383 818 976 517 119 346 793 358 695 864
821 779 594 99 264 57 561 230 697 5
859 755 468 41 902 801 382 397 130 319
978 930 608 180 958 789 109 282 197 817
704 970 677 231 37 886 689 257 21 370
576 534 813 613 419 607 509 643 808 324
696 70 786 243 806 547 846 781 166 473
901 803 684 708 591 662 572 420 218 611
5 5
329 964 969 926 588
274 772 483 858 738
340 954 310 602 209
132 834 562 379 505
684 989 623 853 260
3 3
405 156 67
250 270 926
880 869 939
10 10
155 121 141 808 759 274 858 980 611 383
917 433 52 420 811 295 907 262 332 219
332 856 515 942 382 648 911 348 971 853
205 80 146 441 340 650 878 904 900 476
405 728 788 42 327 565 554 603 83 526
670 663 102 460 217 109 108 864 345 394
143 859 831 759 920 116 860 454 20 843
848 535 69 14 796 976 100 551 880 434
807 962 175 667 238 2 780 950 799 231
610 691 631 547 835 43 168 924 717 478
5 5
224 137 8 998 128
982 203 785 238 669
168 374 626 228 52
110 722 385 933 53
937 922 581 669 707
3 3
549 503 370
930 132 558
56 110 996
10 10
965 917 621 218 11 15 199 241 137 368
462 171 49 785 619 496 422 755 746 573
384 67 826 141 214 6 36 831 612 539
590 219 464 193 284 12 400 590 416 561
127 951 980 958 151 834 197 259 498 662
380 816 200 493 592 34 891 87 676 781
753 87 921 471 236 598 71 63 437 665
622 784 705 423 292 851 746 640 490 945
588 892 868 268 710 460 189 593 181 827
841 285 600 354 840 433 836 672 585 219
5 5
922 597 65 36 942
300 255 141 486 358
574 394 502 541 17
184 193 277 349 368
787 809 836 958 694
3 3
893 811 528
616 316 243
306 73 842
10 10
407 19 343 523 299 382 465 407 618 719
487 902 374 80 747 574 642 556 676 238
549 170 161 371 569 181 758 214 703 363
212 541 258 87 637 509 729 94 825 794
453 348 795 592 200 711 454 353 33 701
384 837 926 506 226 360 810 299 748 143
992 974 314 331 954 950 179 697 484 336
225 919 298 965 612 533 2 474 277 885
226 568 896 192 895 313 640 403 824 409
53 550 618 730 238 277 36 386 817 986
5 5
434 921 134 187 851
74 952 715 95 645
557 573 415 651 975
281 872 842 228 54
275 691 642 545 499
3 3
667 178 615
693 823 158
571 451 546
10 10
155 389 691 148 595 661 227 833 665 221
429 875 630 277 539 953 804 129 129 329
959 562 495 577 879 984 284 556 846 157
847 258 366 292 565 538 777 372 749 570
662 854 150 76 703 145 69 886 53 393
633 880 860 222 365 953 368 250 156 432
715 785 292 787 256 698 409 38 319 154
561 299 764 954 339 89 791 809 824 880
526 97 83 366 255 660 208 93 527 731
775 257 541 206 939 151 457 487 646 946
5 5
766 108 882 868 631
329 880 737 717 979
450 881 450 882 303
848 175 723 113 124
742 245 841 547 894
3 3
347 317 904
815 740 964
403 14 926
10 10
307 875 82 230 546 621 557 965 981 135
342 793 401 996 841 958 724 752 879 861
311 966 136 677 962 820 489 182 90 861
313 162 762 617 269 153 928 907 591 107
178 830 737 633 923 830 709 394 802 204
481 90 907 146 804 244 2 271 875 358
419 948 678 344 258 740 887 841 200 308
674 681 639 69 283 569 308 640 67 237
774 434 783 182 395 489 304 895 18 869
526 402 825 506 687 300 705 479 729 977
5 5
96 527 777 745 951
944 737 901 793 190
944 939 855 350 311
605 843 670 204 196
468 88 115 994 289
3 3
968 59 134
952 406 977
193 482 785
10 10
308 292 638 601 591 530 142 304 102 54
599 189 773 995 655 897 402 563 837 132
791 560 577 611 871 211 326 778 945 535
857 597 169 189 521 58 352 442 765 579
585 755 325 629 338 69 993 957 826 92
903 804 247 806 618 484 242 612 729 542
918 275 935 268 405 376 61 218 764 783
151 597 982 161 531 121 684 964 18 927
526 341 923 448 769 228 225 800 855 610
820 547 963 810 209 300 383 103 254 624
5 5
648 680 306 555 23
202 200 182 264 431
571 482 220 283 733
207 818 469 46 544
231 872 283 344 66
3 3
158 361 870
481 393 378
200 104 75
10 10
910 702 670 74 666 160 779 69 885 990
328 24 948 552 338 73 921 461 405 297
613 917 143 270 331 979 172 60 547 994
419 306 149 982 501 758 418 225 854 90
980 170 674 936 650 60 466 306 837 626
451 827 931 979 855 737 462 859 434 194
620 240 539 824 549 810 941 82 880 495
540 327 286 165 753 964 900 166 90 978
442 969 47 765 384 221 867 247 17 529
759 301 382 47 403 898 333 977 291 767
5 5
502 748 81 266 54
877 539 671 558 772
457 329 761 637 241
437 819 338 573 522
320 536 633 385 907
3 3
321 681 783
93 218 721
674 32 584
10 10
818 848 756 516 534 363 326 201 446 673
396 515 398 91 24 519 625 763 960 148
664 538 291 298 637 320 221 595 892 915
512 823 52 598 891 593 770 851 1000 497
847 283 297 414 240 152 144 610 547 781
703 814 836 348 697 988 231 44 568 259
286 947 52 18 383 713 727 134 193 446
141 533 484 999 287 40 928 795 448 948
40 527 709 610 661 937 200 955 951 704
459 994 418 104 619 526 359 535 904 980
5 5
429 235 37 915 103
389 561 350 849 532
489 517 599 113 529
198 161 269 646 21
631 595 467 109 296
3 3
37 446 119
966 824 672
387 835 18
10 10
499 491 82 703 311 226 580 171 297 586
968 853 691 359 354 818 88 340 22 364
213 424 343 152 849 764 157 870 675 213
716 394 574 235 327 769 145 93 887 199
794 348 39 853 764 586 592 270 62 53
359 317 26 15 990 524 431 743 420 845
841 934 919 79 603 560 29 676 965 696
364 555 856 967 394 443 986 921 667 334
547 155 88 526 180 480 363 299 402 555
422 739 72 858 767 667 526 399 140 343
5 5
484 673 950 292 963
729 22 274 271 607
844 666 13 151 88
837 521 38 66 799
125 460 26 140 642
3 3
589 842 91
739 677 447
885 861 251
10 10
152 69 902 447 160 279 764 508 599 814
614 190 6 790 609 933 666 135 270 864
190 437 215 251 155 272 632 585 667 623
359 828 914 653 151 897 449 345 243 343
28 904 628 493 300 460 458 71 910 805
477 325 722 864 779 9 721 746 622 955
326 557 528 707 413 755 994 615 674 787
358 320 107 507 997 550 64 799 977 752
660 853 822 395 647 123 575 866 804 404
605 814 545 927 691 8 305 753 601 498
5 5
687 295 445 154 354
419 775 968 467 425
824 851 987 512 851
27 914 247 66 2
597 367 937 466 473
3 3
705 681 516
392 170 23
999 111 48
10 10
276 254 439 557 307 328 387 134 303 876
700 3 179 600 865 159 381 777 719 26
618 642 717 179 802 46 896 401 957 546
265 167 260 657 248 47 362 874 940 459
196 725 29 229 512 113 841 473 729 402
642 577 422 215 147 331 705 887 973 361
284 457 917 387 838 688 394 184 689 58
746 717 581 748 815 26 613 760 716 216
761 231 546 533 558 617 42 860 361 974
24 921 619 587 351 317 218 444 588 561
5 5
785 348 320 664 233
112 547 273 977 14
127 824 797 12 769
121 429 91 159 515
221 152 338 268 637
3 3
393 122 58
296 167 883
19 55 405
10 10
13 198 93 865 931 370 600 994 433 449
950 923 719 148 376 156 530 916 104 970
773 971 36 407 839 261 925 5 543 918
821 466 688 192 161 928 45 425 105 129
441 153 867 275 761 765 412 826 852 428
936 377 227 400 753 335 759 305 610 512
187 272 828 173 733 844 566 242 498 911
446 571 254 357 574 575 5 608 216 573
224 634 739 516 706 467 49 582 7 813
16 140 548 450 642 140 613 976 276 920
5 5
624 195 567 989 455
893 343 299 226 369
72 361 36 72 798
944 830 908 284 701
136 539 976 532 911
3 3
835 204 956
42 490 138
576 694 580
10 10
408 903 568 269 944 844 602 363 752 412
719 32 738 324 656 11 634 210 3 584
718 942 736 326 438 416 445 100 129 167
600 710 640 429 681 946 783 229 971 337
409 261 224 469 563 777 333 694 277 730
92 381 621 881 481 130 683 38 264 979
332 527 757 22 231 900 221 59 281 682
558 853 297 582 511 133 125 26 815 159
825 828 327 690 550 351 113 439 655 33
345 273 687 342 258 313 973 521 718 606
5 5
252 625 345 769 283
133 568 600 10 665
44 689 30 60 280
42 679 815 707 94
746 831 986 967 223
3 3
713 234 588
497 985 828
180 975 609
10 10
833 39 177 454 161 920 686 88 106 818
507 667 568 696 924 338 23 391 649 584
510 770 648 470 372 188 52 220 761 926
979 66 98 985 371 162 251 866 745 691
643 347 944 178 988 185 291 183 233 48
321 816 859 395 41 465 941 762 726 598
655 909 657 227 877 587 61 89 724 3
34 883 23 286 963 634 382 95 762 389
626 409 877 478 464 883 513 937 487 430
98 47 249 680 713 780 291 988 668 819
5 5
177 13 498 183 773
54 300 840 999 413
116 418 140 688 441
748 661 172 369 467
499 35 753 891 736
3 3
33 684 369
487 350 652
476 279 933
10 10
835 322 106 63 473 298 251 491 720 452
6 323 411 678 780 199 8 892 107 586
536 239 875 627 695 38 586 228 550 703
280 402 771 553 10 541 344 857 368 206
641 5 58 950 825 33 548 278 930 721
618 898 643 28 634 206 167 70 517 62
507 644 263 70 182 646 103 440 31 893
313 513 832 57 53 674 84 163 191 406
902 549 525 503 92 380 362 103 912 757
586 579 700 616 957 295 912 839 913 425
5 5
416 455 426 580 168
853 990 755 919 456
524 335 300 841 102
416 200 902 282 266
619 542 945 640 391
3 3
219 139 844
384 746 21
984 384 912
10 10
32 818 805 396 837 15 234 118 850 196
709 884 750 567 229 901 522 421 170 165
663 11 284 397 453 357 611 659 348 881
898 271 955 719 894 529 210 698 25 918
542 718 98 684 414 483 741 444 837 14
848 805 642 554 462 660 69 273 379 840
753 305 935 705 532 997 467 382 26 345
931 928 955 35 973 98 740 812 238 706
512 339 697 250 622 424 319 644 611 488
955 747 854 546 294 264 796 390 551 344
5 5
424 364 268 534 168
250 618 88 624 185
442 400 637 945 730
83 301 142 251 377
171 777 541 670 23
3 3
819 49 776
352 338 930
168 358 925
10 10
638 138 744 215 879 500 645 764 508 754
845 354 246 998 257 694 93 702 890 265
670 279 194 155 407 18 141 692 660 897
447 114 642 829 591 975 69 957 669 750
523 520 942 314 152 633 344 679 897 513
832 733 556 869 378 143 641 431 550 389
451 79 540 941 248 706 400 479 238 22
245 351 991 137 501 196 616 624 302 498
718 261 398 463 671 186 238 49 979 905
708 321 756 393 604 940 180 827 586 625
5 5
138 751 591 394 465
778 618 33 210 397
392 701 28 571 869
829 488 41 622 294
820 691 544 33 154
3 3
582 783 615
314 555 329
631 524 148
10 10
618 25 229 349 902 647 88 330 514 492
2 395 258 416 864 441 2 200 16 293
865 447 324 743 445 226 927 713 896 975
333 305 851 818 963 374 140 522 582 960
279 464 45 989 177 697 537 378 433 86
514 686 711 231 283 262 342 180 277 273
79 761 427 788 360 520 202 422 330 789
21 422 499 845 368 680 412 727 909 725
293 695 910 188 393 464 680 499 411 145
938 166 972 919 401 586 253 292 548 858
5 5
253 284 342 483 481
18 412 889 804 171
977 405 160 82 953
657 612 544 167 334
231 27 472 809 279
3 3
425 902 497
345 935 494
919 465 474
10 10
474 30 242 242 195 194 200 431 611 898
842 317 795 772 524 701 168 493 617 938
772 735 951 832 905 948 577 220 86 522
864 550 381 95 850 213 578 253 364 913
513 119 448 956 285 572 838 97 313 307
355 891 904 198 116 842 668 823 335 550
678 840 242 821 749 178 768 773 12 398
495 198 765 762 220 603 3 177 14 558
272 594 695 289 390 275 865 896 857 753
644 327 990 613 481 152 409 184 535 992
5 5
907 131 101 858 969
462 333 289 198 143
999 103 489 457 905
679 722 975 660 937
948 98 866 941 810
3 3
254 595 997
796 115 818
201 688 88
10 10
883 114 329 589 278 303 536 788 412 406
420 650 587 48 502 313 180 579 863 558
18 787 217 312 984 531 720 301 476 700
660 187 124 89 761 350 585 651 967 537
290 510 436 762 483 717 901 207 922 890
603 904 155 845 635 509 358 869 670 873
15 566 752 329 669 909 981 332 325 451
616 28 222 300 740 570 529 521 807 148
254 69 724 126 636 425 906 788 824 440
743 109 685 17 997 525 914 629 184 129
5 5
428 576 710 708 893
258 148 693 729 840
499 446 264 596 663
224 172 808 124 490
683 65 981 732 1
