100
5 5
376 429 220 419 245
103 455 491 421 137
467 163 719 566 167
100 321 932 730 421
394 636 619 720 680
3 3
742 923 910
282 234 341
195 446 197
10 10
234 564 173 434 410 297 425 779 291 359
99 681 344 565 43 981 823 200 918 364
547 841 226 54 683 846 702 413 23 683
670 660 960 867 940 425 300 561 49 301
94 222 552 366 190 885 639 103 332 123
982 64 297 513 911 221 814 751 28 355
941 80 434 880 428 339 871 60 250 760
607 927 173 55 852 217 453 90 292 820
409 82 960 706 858 36 535 597 43 62
286 536 815 22 627 607 363 481 487 751
5 5
566 264 531 156 697
3 702 769 941 186
789 527 434 851 344
69 594 703 235 763
925 976 922 903 918
3 3
32 998 714
129 440 460
514 66 978
10 10
450 976 731 622 194 949 364 403 812 582
571 225 680 35 712 650 358 530 507 879
744 780 569 382 151 259 229 23 339 841
376 278 456 242 352 131 318 299 1000 789
639 81 224 399 772 166 852 668 198 498
577 330 892 964 299 217 905 164 516 114
994 294 158 119 783 318 695 675 944 21
288 846 21 659 285 364 308 11 579 573
314 628 693 35 306 662 937 645 790 660
548 196 282 900 231 744 836 169 720 206
5 5
892 678 608 948 882
704 357 934 451 227
859 819 445 960 546
115 704 722 135 305
799 241 897 515 255
3 3
25 627 197
407 202 238
200 211 534
10 10
195 721 274 898 703 247 407 495 919 729
422 501 800 757 284 511 157 679 849 610
50 883 810 293 919 361 287 413 517 353
78 407 739 194 727 58 744 356 707 653
126 814 244 285 657 975 335 356 294 969
301 952 453 529 329 604 106 255 317 76
257 288 480 306 9 286 592 849 413 854
22 657 39 100 520 643 568 446 313 440
616 527 148 623 767 759 604 643 759 837
568 319 113 2 551 593 251 276 720 161
5 5
74 453 652 43 739
558 893 10 741 343
493 778 424 627 72
912 982 181 803 375
24 201 330 213 279
3 3
541 876 878
333 623 52
358 611 156
10 10
932 86 158 777 592 40 513 970 344 132
843 419 808 187 512 326 521 658 817 296
706 252 439 137 699 832 343 426 157 936
739 288 676 758 947 392 589 297 462 153
580 743 284 204 275 902 800 165 975 484
400 727 667 946 290 121 968 348 407 359
408 607 514 747 832 696 415 390 152 306
483 821 571 967 873 17 111 93 623 848
720 381 807 165 530 367 436 894 395 954
830 201 856 929 72 861 127 989 635 747
5 5
67 810 641 739 313
51 972 843 720 461
52 170 595 292 174
597 670 498 470 80
640 948 65 778 829
3 3
237 490 825
229 772 660
83 697 330
10 10
94 167 651 791 109 468 575 950 691 567
832 411 630 201 367 807 88 837 424 840
639 986 892 208 752 237 755 623 372 605
320 301 804 626 750 272 701 806 304 573
996 623 47 499 967 671 890 887 340 442
461 8 177 215 153 970 831 457 773 403
168 271 548 38 991 20 800 884 687 687
762 492 329 194 897 57 53 320 731 247
506 313 83 731 611 638 362 670 329 724
3 976 483 782 79 98 223 345 302 51
5 5
529 811 836 248 413
932 330 851 909 64
64 779 277 640 199
616 636 302 203 202
437 9 432 834 308
3 3
35 303 986
990 217 73
873 46 37
10 10
703 776 95 753 170 451 489 181 850 269
150 804 222 279 966 449 322 444 377 284
657 842 626 756 752 766 670 770 8 225
542 196 339 392 788 758 174 164 70 816
225 458 910 67 967 563 396 914 137 37
622 551 646 200 17 707 759 361 371 852
118 990 429 927 920 48 645 502 705 18
661 924 214 248 425 906 643 410 526 873
116 604 511 779 208 278 722 208 252 276
114 672 742 334 399 577 906 403 617 966
5 5
13 96 103 984 881
238 744 94 834 405
75 105 415 414 349
334 116 443 941 617
466 649 86 108 978
3 3
210 63 602
365 126 73
933 207 899
10 10
599 588 607 885 671 101 445 171 394 794
631 46 181 619 325 905 781 419 139 279
207 774 370 226 815 429 383 864 664 744
692 736 839 425 146 798 775 370 209 248
728 605 355 123 595 652 413 227 599 527
700 695 89 421 917 47 894 169 638 342
1000 290 654 961 145 63 612 293 920 94
166 614 328 752 148 635 497 996 503 57
96 478 504 459 961 815 990 775 382 638
948 493 682 747 982 775 805 362 832 654
5 5
192 889 841 532 941
550 728 785 801 33
802 754 542 683 136
767 124 477 342 336
143 757 304 214 621
3 3
471 786 688
610 413 463
886 567 412
10 10
232 817 190 55 315 101 25 275 995 296
718 78 424 601 542 732 351 405 141 63
565 401 915 552 70 117 598 211 760 285
655 921 402 842 365 260 435 823 608 603
106 48 347 635 664 981 232 339 810 142
167 811 787 74 185 488 818 876 240 758
593 953 520 576 470 740 154 538 559 883
691 231 786 483 880 350 199 499 706 576
547 798 667 352 610 253 44 954 712 202
936 539 552 764 453 57 861 294 251 414
5 5
580 623 855 781 313
1 87 485 780 781
1 919 735 289 842
535 214 380 752 806
7 528 113 502 334
3 3
851 529 943
482 537 582
628 713 839
10 10
185 694 343 114 553 857 722 187 903 976
945 341 399 548 672 177 989 902 719 65
662 836 476 409 717 559 68 660 545 198
979 715 988 431 836 114 163 117 63 225
632 394 409 677 828 503 253 568 20 598
424 235 360 304 421 249 251 755 257 855
450 841 357 611 956 205 383 309 51 103
231 359 297 671 589 162 540 891 730 657
562 283 11 191 396 382 674 616 745 338
86 981 884 414 482 830 88 925 233 36
5 5
561 346 249 347 786
213 249 588 397 506
277 136 693 645 368
537 726 270 232 675
459 331 159 992 873
3 3
351 560 933
904 192 107
350 158 724
10 10
982 863 424 753 421 979 459 350 539 894
691 91 639 113 86 819 905 689 681 70
379 888 625 434 77 207 425 429 840 831
879 26 265 223 570 29 979 189 357 859
376 565 279 98 474 770 770 659 444 332
494 811 870 461 911 803 947 402 365 603
47 810 390 656 965 374 93 892 700 876
975 90 256 92 238 564 896 144 42 559
608 198 75 37 39 550 948 707 433 869
5 462 291 212 849 599 825 418 42 146
5 5
334 380 600 905 342
703 301 760 287 667
127 755 18 259 703
917 812 584 503 348
319 825 492 919 291
3 3
69 731 645
782 268 357
798 427 408
10 10
745 836 128 938 479 161 933 121 46 890
615 334 852 825 191 183 848 736 850 142
513 814 268 343 299 453 477 684 654 228
676 787 470 239 183 809 463 683 238 678
371 355 972 355 709 948 929 276 41 791
216 810 673 514 338 789 977 806 138 225
469 570 926 175 278 848 271 68 35 605
748 665 110 432 560 743 478 103 619 94
375 606 359 392 982 134 658 999 586 602
589 28 189 269 177 463 34 279 983 501
5 5
709 391 678 895 936
316 816 991 519 746
511 528 533 813 420
814 486 652 994 460
912 322 558 276 773
3 3
544 771 902
370 197 101
980 82 306
10 10
265 145 718 160 319 141 351 521 362 839
533 363 963 886 795 961 639 678 287 102
675 726 293 572 677 996 701 597 863 586
739 126 837 550 186 491 985 746 399 876
189 552 827 493 930 58 785 573 303 541
106 162 242 147 426 812 663 299 176 227
732 10 386 822 817 558 611 69 306 1000
658 574 19 783 598 289 205 561 139 499
234 617 313 660 614 70 167 800 295 113
525 284 118 69 165 200 23 84 610 311
5 5
163 297 159 839 416
627 102 853 547 923
234 53 288 16 163
338 357 300 226 236
473 647 62 476 117
3 3
12 519 950
301 991 699
751 29 89
10 10
216 562 325 893 483 334 838 212 684 199
78 622 824 823 833 153 41 909 897 514
699 191 394 849 417 465 129 87 686 715
258 705 380 761 8 197 369 770 164 643
569 446 624 239 720 227 814 1 337 163
527 994 491 192 26 588 375 202 716 93
723 118 127 601 342 549 273 789 626 292
902 711 603 6 236 340 183 696 676 66
526 774 464 624 429 702 739 248 128 413
363 65 218 557 546 127 3 450 696 190
5 5
13 967 547 351 445
6 172 746 969 814
462 251 169 833 293
220 764 388 30 460
949 435 496 476 47
3 3
847 692 785
958 916 771
675 523 510
10 10
984 338 29 826 704 695 563 919 7 505
914 313 715 551 326 184 585 947 507 619
713 27 524 726 559 876 398 936 381 593
733 833 873 450 561 978 2 289 396 547
257 810 309 185 249 710 92 389 831 659
764 231 480 31 201 986 794 654 138 65
704 345 686 892 818 564 394 658 564 271
42 12 722 112 837 871 503 311 589 611
161 188 92 815 370 520 592 322 234 505
69 473 522 313 200 979 518 637 239 578
5 5
700 496 303 12 108
257 563 390 576 765
384 738 316 599 860
821 737 848 989 324
352 665 42 736 27
3 3
986 758 436
400 433 889
136 738 560
10 10
323 78 266 61 121 778 315 779 326 319
53 484 921 120 42 155 946 446 787 899
66 601 93 69 686 862 552 735 871 665
59 117 606 312 417 24 926 752 65 706
791 572 436 712 743 890 735 855 778 813
985 889 477 759 367 764 238 954 983 68
131 218 531 473 91 663 70 809 256 23
567 892 329 804 876 766 462 293 762 532
497 508 731 50 969 608 572 635 334 265
330 836 485 724 68 167 958 281 920 890
5 5
396 75 549 504 397
594 234 975 687 411
315 621 797 830 703
813 466 843 120 330
809 605 952 757 349
3 3
636 957 97
490 844 147
513 369 126
10 10
477 28 39 758 269 440 406 165 798 412
837 411 570 6 853 256 206 413 786 520
439 550 576 788 32 367 364 153 404 837
613 900 744 607 174 536 966 900 231 361
211 274 289 961 829 258 946 304 300 414
75 93 123 835 272 692 579 587 956 898
95 286 177 426 766 579 428 822 935 512
862 341 441 277 672 108 959 554 541 652
750 353 485 473 600 673 652 165 289 358
544 660 937 613 399 472 23 869 326 43
5 5
741 384 124 481 159
210 115 967 654 4
726 514 959 28 217
522 575 396 367 944
71 248 32 179 999
3 3
911 537 553
602 598 503
803 674 169
10 10
389 823 152 580 774 262 367 565 841 276
482 734 399 731 271 565 363 864 836 844
886 261 160 400 398 872 351 64 762 978
723 937 758 679 549 851 413 501 424 569
455 666 81 913 51 49 679 25 714 296
1 528 892 768 37 265 222 756 770 993
314 546 88 967 212 302 668 189 694 22
423 763 808 253 542 603 542 713 325 877
385 71 896 265 191 180 840 27 349 485
976 370 412 294 970 669 357 297 284 788
5 5
926 284 112 920 108
681 394 601 146 309
127 891 361 968 678
450 343 356 276 807
337 595 196 56 825
3 3
236 525 748
753 292 52
814 643 611
10 10
430 274 391 594 203 812 89 700 327 347
900 581 589 977 388 458 380 239 115 59
72 902 492 878 404 640 632 50 426 162
302 835 335 576 48 725 320 704 3 93
309 967 139 819 299 843 755 728 490 958
148 835 859 347 433 29 152 569 745 594
805 873 970 463 113 996 626 68 373 636
194 347 214 268 207 998 665 2 664 145
879 718 766 978 52 678 224 677 405 54
475 53 68 514 215 192 689 776 562 245
5 5
318 187 205 101 461
577 978 863 568 814
208 736 76 105 601
691 7 904 354 622
611 698 134 557 151
3 3
410 105 647
395 801 326
160 796 772
10 10
972 638 289 286 455 270 958 934 509 644
968 124 641 206 419 727 610 613 580 347
285 370 792 542 660 181 13 487 157 939
941 353 299 113 331 820 480 798 211 745
256 818 131 677 402 91 263 795 332 266
959 262 630 822 943 388 747 696 686 165
779 278 141 47 861 313 296 702 970 438
929 959 459 35 529 487 219 679 874 581
897 480 320 986 22 11 220 813 62 106
171 677 188 427 620 964 107 718 688 627
5 5
160 207 549 260 382
350 810 978 893 63
313 247 308 591 593
767 646 653 831 827
503 84 4 379 614
3 3
306 7 593
815 285 182
144 433 645
10 10
335 141 206 965 561 216 720 763 118 991
500 273 288 9 178 892 54 615 325 96
395 322 425 870 498 924 277 907 668 392
530 362 54 744 728 18 132 930 962 843
567 463 849 914 760 981 220 422 665 394
901 76 223 129 788 470 566 38 462 331
889 87 806 785 916 858 754 79 329 247
310 274 956 301 110 894 933 44 506 814
923 986 860 8 888 154 253 360 418 384
101 56 802 747 492 170 370 234 847 295
5 5
845 874 32 327 117
609 435 657 203 447
427 168 566 679 324
765 387 596 782 461
440 991 759 590 845
3 3
25 566 972
52 175 124
841 162 353
10 10
401 248 270 281 487 826 492 46 773 235
231 480 118 106 899 436 897 856 479 134
383 141 101 132 814 320 17 157 271 113
880 302 158 502 886 684 830 333 777 539
963 98 508 129 334 455 364 499 832 736
981 83 930 244 616 562 787 676 956 708
752 714 689 462 564 955 6 651 225 697
141 526 933 433 491 311 882 614 886 764
500 753 211 944 865 522 469 330 188 218
734 746 294 812 597 214 792 288 782 17
5 5
402 191 791 403 471
424 837 572 336 299
351 694 698 350 954
32 491 668 250 789
840 21 904 969 231
3 3
359 133 637
458 605 277
724 117 24
10 10
970 969 837 697 724 969 388 646 363 951
129 336 949 634 912 295 302 431 609 614
837 299 795 140 7 437 306 522 340 232
643 81 803 862 980 727 658 393 607 605
464 108 270 437 913 893 989 72 72 426
276 676 640 357 155 114 919 607 322 288
916 481 950 571 193 145 693 512 178 641
242 704 60 863 207 843 457 347 693 908
231 670 361 440 69 159 252 590 892 657
775 122 113 26 585 503 851 83 409 809
5 5
757 247 480 427 767
939 64 380 714 379
461 56 991 660 384
816 15 965 543 667
993 585 109 400 251
3 3
784 605 100
697 201 336
262 913 410
10 10
663 255 92 41 279 549 43 715 1 523
255 402 818 952 739 800 964 310 623 635
910 112 110 580 549 290 95 350 53 162
173 427 157 693 150 839 331 562 268 870
758 759 920 391 600 367 193 423 28 133
224 864 458 658 915 113 862 557 227 793
904 949 308 380 804 546 542 67 150 673
215 925 900 989 520 758 347 323 435 162
687 635 566 469 357 298 860 719 499 391
248 297 846 869 309 407 235 660 906 170
5 5
543 396 737 886 301
260 429 830 942 311
233 264 326 338 325
393 8 34 848 455
653 612 202 333 838
3 3
479 417 417
724 989 226
150 969 996
10 10
525 562 808 972 599 602 337 49 804 88
152 898 490 433 805 536 924 166 39 420
295 566 21 511 185 876 599 281 580 178
763 700 2 619 465 758 761 167 949 486
145 724 36 197 360 72 473 496 108 467
767 263 974 877 126 271 928 221 877 65
127 971 502 221 482 448 208 794 386 270
450 37 260 335 33 820 438 355 735 312
133 157 265 263 237 28 69 157 277 687
284 207 17 821 662 534 752 738 709 177
5 5
846 60 920 966 858
366 837 79 260 3
520 128 699 426 33
61 182 822 971 79
520 677 101 267 442
3 3
139 135 740
407 126 778
406 719 564
10 10
263 819 521 343 335 1 569 876 545 87
64 650 153 475 335 119 105 759 413 661
258 963 255 241 530 10 65 958 485 473
504 845 261 608 26 736 123 706 928 61
407 471 96 246 424 475 673 20 71 982
256 268 172 757 347 497 34 702 416 875
135 568 135 765 731 932 236 263 498 139
426 252 370 867 150 85 359 69 429 210
306 729 81 298 966 331 797 22 467 563
139 465 488 960 163 139 254 177 823 55
5 5
195 864 854 82 619
725 440 310 304 357
417 210 363 652 286
319 342 481 574 627
118 108 157 101 175
3 3
505 503 398
856 345 808
593 128 625
10 10
993 888 258 327 835 220 718 543 281 56
918 262 206 355 984 819 396 254 573 426
998 277 428 697 889 304 446 163 711 574
790 239 867 445 270 199 199 935 540 695
147 152 365 85 259 467 129 429 686 197
266 617 167 145 800 5 223 462 950 637
841 159 186 64 867 740 346 829 241 328
817 203 39 837 871 547 79 191 747 934
642 162 909 642 330 156 204 31 630 151
483 212 101 465 787 831 296 34 553 976
5 5
989 34 850 15 125
852 399 240 628 525
58 81 542 720 948
110 622 376 856 748
950 792 206 621 175
3 3
377 392 286
721 803 302
550 759 728
10 10
919 296 430 52 715 981 843 328 368 884
141 278 435 583 919 817 479 622 475 534
628 893 5 573 704 776 470 882 108 645
953 401 48 542 783 434 676 181 447 133
744 800 285 162 964 676 340 699 368 848
766 743 412 34 882 142 485 501 409 228
981 522 617 90 648 252 908 77 562 767
770 329 577 168 923 121 749 342 289 67
27 721 255 785 491 228 377 874 548 88
198 157 934 333 645 507 662 65 765 108
5 5
826 477 113 881 592
426 400 256 745 483
590 860 82 598 424
345 270 795 384 401
113 870 540 779 75
3 3
60 566 608
419 773 60
271 706 823
10 10
891 916 283 374 185 922 550 612 543 689
333 2 876 486 683 306 102 376 264 253
669 960 201 214 672 231 323 932 480 301
648 10 969 119 798 486 968 29 14 149
697 338 48 629 299 233 624 635 643 462
722 630 965 566 718 285 782 368 752 578
820 262 790 169 789 960 602 108 440 164
340 229 202 648 715 427 819 969 710 310
583 278 465 801 728 349 949 473 796 280
616 511 546 942 946 762 523 773 654 116
5 5
140 508 775 428 389
193 132 980 79 297
605 519 209 592 308
986 540 520 932 991
589 778 608 619 775
3 3
290 563 449
625 798 738
51 504 408
10 10
798 559 987 479 350 845 361 657 1000 222
41 400 536 813 398 663 625 951 529 523
323 521 445 547 361 314 715 270 294 91
275 666 435 163 804 81 668 229 67 92
384 459 806 86 511 49 349 674 482 805
795 60 131 712 283 350 746 16 27 621
231 868 422 502 894 711 136 845 333 722
166 894 7 554 271 822 65 139 702 513
947 155 663 748 541 504 67 262 388 285
452 375 478 929 973 147 473 533 827 816
5 5
130 616 777 607 156
372 682 243 479 137
97 767 528 983 223
105 810 985 16 282
722 976 564 880 141
3 3
27 620 20
828 276 974
221 877 886
10 10
962 285 229 334 837 782 501 381 141 796
457 343 777 162 764 823 405 660 136 289
647 389 725 743 883 602 72 777 170 210
811 708 855 359 597 773 697 362 368 704
857 401 563 899 581 204 252 110 335 576
402 150 420 763 914 476 320 274 835 941
620 899 385 254 734 174 476 309 431 34
189 150 468 769 873 662 727 336 14 307
791 811 603 57 871 907 314 884 208 519
975 272 272 105 936 193 490 663 743 286
5 5
609 67 965 102 785
67 898 890 80 307
204 390 342 351 478
252 196 30 92 538
365 216 377 77 501
3 3
518 284 225
469 682 742
65 23 140
10 10
602 364 884 762 76 269 446 481 868 496
332 7 75 174 35 58 601 37 987 186
995 398 408 66 122 788 975 910 349 523
899 806 249 394 230 310 548 885 794 24
356 778 986 383 896 62 30 960 623 391
210 113 784 77 151 850 709 659 240 365
984 401 39 906 509 382 808 289 926 334
187 790 767 820 963 3 947 134 570 758
153 61 359 320 439 587 947 211 251 69
971 654 549 716 328 494 329 432 600 616
5 5
593 978 579 747 984
567 754 966 92 846
63 548 318 648 825
795 897 212 606 931
746 698 858 586 162
3 3
765 760 813
966 552 934
324 834 624
10 10
140 386 621 803 589 498 112 123 110 138
592 459 724 825 462 40 143 237 151 20
545 877 483 397 563 236 466 138 856 45
646 242 170 340 224 880 283 646 134 649
3 875 542 876 617 865 708 874 303 614
706 561 86 36 278 536 681 400 207 279
33 363 366 966 400 849 430 956 756 130
280 936 600 702 313 665 67 850 58 923
186 62 189 63 181 161 175 102 948 359
265 802 422 514 903 897 979 333 960 619
5 5
810 241 939 145 317
672 294 83 522 517
766 357 553 570 36
984 482 325 987 404
252 725 30 120 128
3 3
97 332 728
607 318 523
880 711 1000
10 10
163 985 252 852 837 44 334 263 219 5
45 152 662 918 462 134 403 930 534 428
948 228 380 177 695 44 773 724 244 324
886 391 266 117 599 800 866 578 977 69
815 325 48 115 510 637 209 208 675 448
140 201 52 737 103 140 763 615 265 505
653 806 12 660 709 79 854 416 150 55
991 699 776 550 731 911 216 498 725 379
997 16 436 686 159 646 864 43 81 958
689 156 53 744 30 672 31 229 41 387
5 5
788 741 306 635 457
120 697 347 495 770
112 728 726 345 375
331 727 583 930 889
539 453 145 600 216
