100
254072 826339 542 9929
134150 943285 565 8440
43597 745843 832 9925
163668 925922 158 1719
388061 509146 56 702
691916 212319 66 6601
200471 871445 739 150
20227 741306 4 9969
196699 928149 637 9994
826327 290662 564 9979
767818 220001 422 9380
763382 186368 747 9901
816786 531256 116 5624
752099 912803 766 3091
9568 61121 254 5259
554932 161135 243 4812
124425 88507 402 9942
0 0 345 556
865172 709573 792 5719
874791 325187 183 9901
610061 888070 743 4712
827047 91234 82 9937
662531 894849 847 9930
0 0 894 1
240676 374171 107 122
667186 798958 785 3770
957155 71478 535 5479
504027 640473 672 9980
379562 724215 60 8964
714181 264787 832 2658
360718 63154 994 9901
92472 740924 214 5796
468473 586014 510 9708
757134 418320 286 4988
670411 205768 810 9905
9245 982632 590 5599
367865 368766 897 6256
499901 701424 111 7295
626803 103100 326 9901
0 0 1000 10000
993066 0 955 1
235542 234487 834 9974
411397 684374 351 9944
162170 42615 978 9964
570592 596966 551 79
407079 216835 999 326
2323 62245 228 9963
196791 857621 595 4817
89103 377433 887 504
216288 98964 125 9986
349194 841726 911 9905
319163 917433 564 9996
507863 867766 190 1009
0 0 100 199
0 532713 158 1
952351 311960 658 5351
367527 604650 60 2170
135946 494748 511 650
526289 971025 526 9999
500796 779307 606 9939
679597 626680 465 9957
788510 598160 494 9939
558322 917129 238 9997
72317 752867 270 9992
876165 494153 693 3418
652639 257881 173 9905
960664 316797 71 4163
330484 199419 907 2415
208846 23746 384 9948
919516 211169 991 9963
169296 625923 965 9913
657348 899309 29 9913
0 0 10 5
380908 314830 597 5359
756403 0 240 25
770677 412276 913 4248
987242 818323 462 5173
819802 172913 555 2749
867205 229314 492 9940
345066 470582 989 9930
17836 870681 223 9911
89644 92696 340 9915
0 609051 146 4935
25595 15904 111 1215
711342 370286 275 8601
173823 436003 951 4382
522563 60478 58 9956
90422 13577 230 5712
44066 849606 596 6501
746493 666591 492 5326
921063 590280 223 9998
643751 124101 522 9917
28923 78764 30 6755
391366 0 832 1
81816 688466 816 9978
405586 576159 162 9913
989300 865040 746 9994
881380 130830 925 9960
838170 905953 607 9946
255558 628928 447 9971
