100
100 1
100
10 3
20 3 15
1000000 5
763613 806035 535333 575422 356667
730149 2
430513 64686
3 5
385 524 219 433 337
179810 5
480922 412505 59178 483253 809919
2 5
4 7 8 2 1
5 5
2 2 1 1 2
110005 5
232883 798117 802439 849696 852241
830481 1
241816
470373 3
32951 621135 482215
90363 3
744543 252596 203372
11 5
5 5 5 5 10
83649 5
921832 265344 174011 666375 34292
681965 2
910788 290780
1000000 5
296004 766360 468049 159041 961220
278757 5
173278 281988 316898 188042 341726
754804 1
405462
63775 1
396222
940096 5
996640 963465 864225 677194 361576
360802 5
749077 906170 78420 601480 436801
355365 5
923633 743898 707185 470082 330537
1 5
430231 713315 734509 532450 827964
6 5
97 733 672 75 236
1000000 1
999999
942294 4
221486 711983 864107 784760
1000000 5
910821 707615 798786 536845 84761
1000000 1
1000000
1000000 5
201093 336339 69085 785908 288867
9 5
1 1 1 1 1
730748 1
700077
974825 1
559999
349155 5
352154 51550 126616 229725 161554
482468 1
442688
883761 4
597506 299538 739076 33525
1 5
1000000 1000000 1000000 1000000 1000000
976409 2
113010 431847
452263 4
111643 383471 641409 179160
3 5
2 2 2 2 1
433419 4
70062 348201 594085 770949
44562 3
377431 101574 83735
954906 5
9824 256222 47975 730117 459979
316539 1
731014
1000000 5
1 1 1 1 1
2 4
2 2 2 6
707149 2
836 21705
611039 3
183523 379359 912151
338659 2
807562 776039
1000000 5
1000000 1000000 1000000 1000000 1000000
266220 4
888943 934629 612716 823116
871545 5
653071 148163 690320 910159 150006
10 5
170 252 655 475 451
726191 3
153966 701310 639484
240 2
791399 40986
578633 2
569040 573176
11 5
10 5 5 5 5
3 3
1 1 100
184536 5
709742 599220 710711 482315 163546
908271 1
207083
9 5
1 2 2 2 1
3 4
2 2 2 4
904764 1
695447
10 5
522 585 703 793 475
151082 3
302098 993094 757265
666771 4
642968 142164 612497 558166
249631 5
258821 163287 253551 64039 200685
913293 2
625592 130879
1000000 5
655221 610131 627552 620975 898413
386949 4
651159 696058 332084 911293
163213 5
290383 384402 100907 91495 329054
744653 5
46047 97498 513635 590974 750258
755 5
782504 551029 987189 113040 774565
323727 1
89832
360757 1
11842
10 5
5 5 5 5 10
147732 5
966375 940705 765657 566461 383776
837399 5
2182 88259 216139 264940 346497
709656 4
998011 56608 873202 955189
859739 5
62119 340406 580200 841002 893081
687406 4
9967 508336 945483 988983
137726 4
789965 282734 807093 457398
39174 2
65642 89223
2 5
1 1 1 1 1
436020 5
592206 466684 335948 272620 18788
897858 3
969064 151470 389034
417821 5
808696 524003 420565 302423 257089
348540 2
152776 359684
262125 5
134292 945135 260135 707252 818336
551166 5
550982 797146 830665 805418 93069
368241 2
99079 872097
359115 3
486554 5377 258938
10 5
30 300 585 483 365
1 5
1 1 1 1 1
1 5
3 2 1 3 2
766221 5
847634 568664 618521 120253 394185
795418 5
311962 371985 589262 855316 966291
222504 4
429375 398846 118215 341525
3 4
2 2 2 3
823327 5
305129 319446 299241 178147 114864
947131 5
530632 336051 204556 201267 168842
