100
100 1
100
10 3
20 3 15
457173 5
8907 283284 666786 780937 812129
327148 5
236877 278564 622261 636798 759557
1000000 5
182776 535456 718244 954543 310217
4 5
3 4 4 4 5
10 5
2 1 1 2 2
254943 4
632391 877869 104221 66438
815258 1
585897
1000000 5
652685 929013 756112 560129 160934
3 4
2 2 2 4
354380 5
477304 537736 431882 827799 369130
185872 5
927903 910003 768347 408442 133562
347668 5
592528 877616 18603 547167 428191
1000000 1
999999
7 5
151 92 155 47 48
814755 2
769062 574665
1000000 5
263611 674271 735937 533276 707340
2 5
2 1 1 2 2
779243 2
723502 336690
321451 5
53145 361771 223 330430 239235
802961 5
976279 325934 147111 861760 85413
245528 5
260756 154165 285322 165336 981772
10 5
5 5 5 5 10
199889 4
370704 526692 925483 596591
1 5
160102 95896 36738 871391 467489
219853 3
145500 194113 291223
826566 3
887650 898296 40629
41443 1
771187
918038 5
106336 143870 471127 494079 611358
318555 5
392096 284665 987082 28124 781209
6 5
5 33 146 78 18
751151 5
818221 260435 852029 992398 601996
5 5
81 73 113 53 101
527556 3
727764 137836 209243
2 5
2 2 2 1 1
711038 1
519460
401752 2
697711 577278
1000000 5
1 1 1 1 1
457073 2
166752 793620
1000000 1
1000000
1000000 5
1000000 1000000 1000000 1000000 1000000
1000000 5
381623 735388 140920 650612 31028
432125 3
195856 370628 929755
886116 4
162854 924297 80814 556558
805843 1
677464
741055 2
561151 350496
447558 3
93922 563922 969039
779716 1
874526
1 5
1 1 1 1 1
266801 1
57248
716146 5
895231 657826 584527 341562 165522
448235 2
984079 922938
118823 5
251221 900657 282207 853917 847901
404912 3
472214 929355 889182
2 4
2 2 2 6
220304 2
152176 636029
707329 5
310705 307697 76028 141732 234844
974160 2
808707 249792
187887 5
46795 310855 260995 273363 250075
800491 2
243538 674391
519370 4
807623 71371 585807 761895
906952 5
96640 5128 592789 388620 706491
11 5
5 5 5 5 10
3 4
2 2 2 3
255504 3
940384 252703 626131
394007 1
573856
665766 3
421061 823158 59772
387744 5
875008 646948 727253 934780 641863
373139 5
775629 701364 685837 152087 73636
963785 3
275640 925505 508260
5 5
2 5 1 4 2
10821 1
27938
325657 1
438544
115949 3
991673 269502 521482
73533 5
518606 607550 332557 75122 723418
836364 5
599517 556516 532714 259025 143915
471568 5
187400 17986 219924 35374 336023
7 5
404 292 13 478 310
1000000 5
611118 508048 54834 429883 531623
994578 3
694046 39794 904581
7 5
8 19 23 37 104
2 5
9 9 9 1 3
194699 3
393704 623714 721390
422869 5
80101 251728 477164 699735 921112
11 5
10 5 5 5 5
480344 3
71720 346851 117142
3 3
1 1 100
2 5
1 1 1 1 1
22703 5
498781 410263 619869 571690 474624
19990 2
155982 642941
327599 5
805187 657671 110970 967218 941120
1 5
1000000 1000000 1000000 1000000 1000000
171703 5
56315 850537 781976 620236 819575
591763 3
896590 849278 917696
248627 5
138340 26277 183372 162032 283449
759597 5
954640 670936 550575 245677 244123
77465 5
9210 25367 680392 807400 988703
457729 1
266178
149338 5
26800 386801 116555 484271 597129
